199.984 159.621 0.272104 0.313726
198.102 159.621 0.278257 0.32549
193.262 160.496 0.307002 0.317647
188.02 162.344 0.307002 0.337255
185.398 163.418 0.314188 0.4
179.312 166.41 0.314188 0.431373
170.91 170.949 0.291412 0.482353
165.465 173.871 0.298453 0.517647
159.145 177.301 0.298453 0.52549
152.086 180.93 0.305832 0.533333
137.535 187.82 0.305832 0.537255
131.348 190.477 0.361683 0.545098
124.961 193.84 0.361683 0.556863
125.668 194.445 0.408105 0.560784
130.273 194.445 0.430649 0.568627
138.07 194.207 0.430649 0.584314
160.223 191.418 0.430649 0.588235
185.16 187.922 0.408105 0.596078
197.398 186.207 0.385112 0.6
208.387 184.797 0.361683 0.6
216.891 183.957 0.329578 0.6
222.168 183.621 0.305832 0.6
224.117 183.652 0.274863 0.596078
222.91 184.832 0.274863 0.592157
218.137 186.277 0.274863 0.596078
210.809 188.125 0.274863 0.6
190.605 191.957 0.274863 0.603922
179.719 194.074 0.281724 0.623529
169.062 196.395 0.281724 0.635294
159.75 198.949 0.288927 0.639216
152.93 201.469 0.288927 0.643137
149.668 203.82 0.313573 0.639216
150.641 205.703 0.313573 0.635294
156.93 206.711 0.337831 0.639216
167.719 207.082 0.337831 0.643137
181.934 207.082 0.337831 0.647059
198.07 206.68 0.337831 0.647059
214.672 206.207 0.329578 0.647059
230.84 205.77 0.329578 0.65098
246.469 205.5 0.305832 0.65098
260.152 205.5 0.281724 0.65098
270.535 205.57 0.257276 0.654902
276.754 206.477 0.232508 0.654902
277.797 207.82 0.232508 0.65098
274.605 209.434 0.207447 0.647059
256.621 213.133 0.207447 0.65098
243.883 215.082 0.182119 0.65098
214.773 219.449 0.182119 0.65098
199.75 222.074 0.202274 0.654902
186.102 224.828 0.226751 0.654902
175.887 227.449 0.226751 0.654902
169.668 231.652 0.250956 0.65098
183.816 232.93 0.281724 0.647059
197.195 232.93 0.305832 0.65098
212.859 232.426 0.305832 0.65098
229.328 231.855 0.281724 0.65098
245.531 231.586 0.281724 0.654902
260.586 231.586 0.281724 0.654902
273.527 231.617 0.257276 0.654902
289.023 233.535 0.257276 0.65098
288.352 236.625 0.207447 0.65098
281.898 238.309 0.207447 0.647059
272.016 240.156 0.207447 0.65098
259.344 241.938 0.212888 0.65098
244.891 243.684 0.212888 0.65098
229.531 245.637 0.212888 0.65098
214.809 247.617 0.212888 0.654902
202.773 249.703 0.244928 0.654902
195.043 251.516 0.270896 0.654902
196.488 253.77 0.270896 0.65098
205.766 253.77 0.296496 0.658824
219.043 253.398 0.296496 0.654902
235.008 252.289 0.321702 0.654902
252.051 251.215 0.296496 0.647059
268.824 250.645 0.296496 0.65098
283.812 250.477 0.270896 0.654902
295.711 250.676 0.251638 0.654902
303.477 251.988 0.224658 0.654902
306.367 253.801 0.197342 0.65098
304.957 256.02 0.169724 0.654902
298.602 258.172 0.141842 0.65098
288.52 260.223 0.145956 0.65098
275.176 262.039 0.145956 0.65098
259.547 263.617 0.145956 0.65098
242.906 265.098 0.145956 0.654902
227.043 266.676 0.174616 0.654902
214.406 268.258 0.20299 0.658824
206.676 269.703 0.231036 0.662745
208.992 271.414 0.258717 0.662745
218.168 271.414 0.312849 0.662745
231.176 271.383 0.312849 0.662745
246.906 270.945 0.312849 0.662745
279.445 270.676 0.312849 0.662745
292.688 271.316 0.278248 0.666667
305.73 274.809 0.251638 0.662745
298.098 280.355 0.169724 0.658824
287.176 283.215 0.141842 0.662745
272.52 285.668 0.141842 0.662745
256.082 287.75 0.141842 0.662745
225.562 291.48 0.141842 0.662745
215.984 293.332 0.191996 0.666667
211.949 295.113 0.218617 0.666667
213.832 296.488 0.244928 0.658824
234.035 297.734 0.244928 0.658824
249.664 297.801 0.270896 0.662745
266.773 297.902 0.270896 0.662745
283.41 298.305 0.244928 0.662745
297.359 299.18 0.244928 0.662745
307.039 300.422 0.218617 0.662745
311.746 302.172 0.165096 0.662745
311.746 304.457 0.137953 0.658824
306.906 306.91 0.107638 0.658824
298.672 309.531 0.0808517 0.662745
287.949 311.953 0.0808517 0.662745
276.117 314.137 0.0808517 0.666667
264.754 316.188 0.107638 0.666667
255.547 317.969 0.110604 0.666667
249.699 319.75 0.137953 0.666667
247.984 321.363 0.165096 0.662745
250.371 322.473 0.197342 0.658824
257.359 323.145 0.224658 0.662745
267.781 323.348 0.231036 0.662745
280.387 323.547 0.231036 0.666667
293.461 324.051 0.231036 0.666667
305.09 325.094 0.231036 0.666667
313.898 326.707 0.20299 0.666667
319.105 328.488 0.20299 0.666667
317.73 332.859 0.174616 0.662745
310.973 335.043 0.117052 0.666667
289.426 339.246 0.117052 0.670588
277.16 341.195 0.117052 0.670588
265.73 343.176 0.145956 0.67451
256.352 345.195 0.179796 0.678431
247.145 349.094 0.208966 0.686275
251.242 351.145 0.23778 0.686275
257.496 351.277 0.258717 0.686275
264.992 351.277 0.285999 0.686275
271.848 351.312 0.285999 0.686275
276.555 351.613 0.285999 0.686275
278.031 352.523 0.285999 0.686275
275.613 353.969 0.285999 0.686275
257.965 358.539 0.285999 0.690196
230.371 363.883 0.258717 0.694118
215.715 366.305 0.258717 0.698039
201.465 368.422 0.258717 0.698039
188.223 370.336 0.278248 0.698039
177.129 371.949 0.278248 0.698039
169.129 373.227 0.278248 0.698039
164.422 374.133 0.30446 0.698039
162.305 374.539 0.30446 0.698039
161.867 374.773 0.30446 0.698039
161.867 374.773 0.330247 0.690196
162.137 374.773 0.330247 0.690196
162.574 374.773 0.330247 0.690196
162.844 374.773 0.330247 0.694118
162.91 374.773 0.330247 0.694118
162.742 374.773 0.330247 0.694118
161.434 374.773 0.330247 0.698039
159.312 374.941 0.330247 0.698039
156.391 375.043 0.330247 0.694118
153.465 375.109 0.355587 0.694118
151.078 375.109 0.380458 0.694118
149.77 375.109 0.380458 0.698039
149.77 374.539 0.404845 0.698039
156.422 370.977 0.404845 0.690196
162.574 368.152 0.428732 0.666667
169.77 364.992 0.404845 0.662745
176.727 361.934 0.404845 0.662745
183.246 357.664 0.404845 0.662745
173.766 356.926 0.380458 0.666667
163.215 357.562 0.355587 0.654902
151.551 358.773 0.346491 0.654902
140.66 359.883 0.346491 0.654902
132.523 360.656 0.370844 0.654902
128.188 361.125 0.370844 0.654902
127.719 361.125 0.394745 0.654902
130.812 360.453 0.404845 0.65098
137.5 358.605 0.428732 0.65098
155.988 353.059 0.428732 0.65098
165.164 349.898 0.428732 0.65098
172.828 347.043 0.404845 0.65098
178.172 344.691 0.404845 0.65098
180.727 343.109 0.380458 0.654902
179.953 342.406 0.365151 0.662745
174.742 342.406 0.365151 0.662745
166.305 343.043 0.339242 0.658824
155.719 344.254 0.339242 0.658824
144.895 345.766 0.339242 0.658824
135.414 347.246 0.365151 0.658824
128.492 348.355 0.355587 0.658824
124.625 349.16 0.380458 0.662745
123.887 349.363 0.415444 0.658824
126.07 348.992 0.415444 0.654902
131.484 347.312 0.439796 0.658824
138.609 344.789 0.439796 0.662745
146.207 341.766 0.463602 0.662745
153.062 338.504 0.439796 0.662745
158.473 335.246 0.439796 0.662745
162.137 332.219 0.415444 0.666667
163.816 329.363 0.390558 0.666667
160.793 326 0.365151 0.670588
148.961 325.496 0.321702 0.670588
142.07 325.566 0.313573 0.670588
131.18 325.934 0.305832 0.670588
126.711 325.934 0.352945 0.670588
126.711 325.531 0.375916 0.67451
129.129 323.984 0.375916 0.678431
133.734 321.633 0.398479 0.67451
147.246 315.113 0.408105 0.67451
154.07 311.75 0.394745 0.67451
159.719 308.59 0.370844 0.67451
163.246 305.801 0.370844 0.67451
164.188 303.414 0.346491 0.67451
162.371 301.633 0.321702 0.682353
156.793 300.488 0.296496 0.678431
148.859 299.719 0.296496 0.678431
140.258 299.516 0.288927 0.67451
126.172 299.516 0.288927 0.67451
122.406 299.551 0.313573 0.67451
120.527 299.551 0.313573 0.67451
120.527 299.312 0.337831 0.678431
122.914 298.172 0.337831 0.67451
127.281 296.254 0.337831 0.67451
133.098 293.801 0.361683 0.670588
139.316 290.879 0.337831 0.67451
145.027 287.816 0.337831 0.67451
149.531 284.961 0.337831 0.67451
152.02 282.406 0.313573 0.67451
152.02 280.625 0.313573 0.678431
149.164 279.75 0.321702 0.678431
143.047 279.516 0.321702 0.67451
135.215 279.516 0.321702 0.67451
120.426 280.66 0.321702 0.67451
113.734 281.434 0.321702 0.67451
115.922 280.523 0.321702 0.67451
120.359 278.473 0.346491 0.670588
126.172 275.719 0.346491 0.670588
132.02 272.391 0.355587 0.670588
137.23 269.266 0.355587 0.670588
141.129 266.238 0.355587 0.67451
143.516 263.449 0.365151 0.67451
144.625 260.828 0.365151 0.678431
144.625 258.273 0.365151 0.682353
140.996 254.645 0.339242 0.686275
138.238 253.566 0.330247 0.682353
135.617 253.062 0.330247 0.67451
133.633 252.66 0.321702 0.678431
132.492 252.426 0.321702 0.678431
132.121 252.156 0.321702 0.682353
132.121 251.551 0.321702 0.686275
132.523 250.777 0.330247 0.686275
133.23 249.77 0.355587 0.682353
133.703 248.527 0.355587 0.682353
133.703 247.418 0.355587 0.682353
133.129 246.508 0.355587 0.678431
131.719 245.836 0.355587 0.662745
130.07 245.164 0.355587 0.52549
128.527 243.852 0.355587 0.0901961
