175.582 107.445 0.558555 0.101961
175 107 0.544821 0.184726
175 107 0.544821 0.183749
175.617 106.27 0.544821 0.184314
175.617 106.035 0.531681 0.2
175.652 105.867 0.531681 0.211765
175.988 105.699 0.531681 0.219608
176.324 105.633 0.531681 0.239216
176.492 105.496 0.531681 0.266667
176.559 105.465 0.531681 0.305882
176.559 105.465 0.519104 0.341176
176.559 105.465 0.519104 0.380392
175.918 105.867 0.519104 0.407843
174.574 106.84 0.531681 0.419608
172.625 108.422 0.531681 0.431373
170.039 110.438 0.531681 0.443137
167.215 112.789 0.531681 0.454902
164.223 115.211 0.531681 0.458824
161.199 117.633 0.531681 0.462745
158.34 120.051 0.519104 0.466667
155.449 122.402 0.540378 0.470588
152.93 124.758 0.540378 0.47451
150.844 126.875 0.540378 0.47451
149.266 128.723 0.561123 0.478431
148.258 130.234 0.561123 0.478431
147.652 131.379 0.561123 0.482353
147.383 132.32 0.561123 0.490196
147.281 132.957 0.561123 0.494118
147.281 133.43 0.561123 0.498039
147.281 133.73 0.561123 0.498039
148.727 133.766 0.581341 0.501961
149.902 133.629 0.581341 0.513726
153.031 132.656 0.581341 0.517647
157.734 130.977 0.581341 0.517647
165.938 128.016 0.581341 0.521569
171.484 126.305 0.561123 0.521569
183.215 123.078 0.561123 0.521569
188.324 121.832 0.540378 0.521569
192.422 121.027 0.519104 0.521569
195.516 120.621 0.4973 0.521569
198.34 120.621 0.4973 0.521569
197.801 122.402 0.474967 0.513726
195.918 124.086 0.452109 0.521569
189.602 129.125 0.452109 0.521569
185.434 132.086 0.452109 0.529412
181.332 135.211 0.474967 0.529412
177.699 137.898 0.474967 0.529412
173.871 141.598 0.4973 0.533333
176.355 142.203 0.519104 0.529412
180.223 141.359 0.519104 0.537255
185.531 139.48 0.519104 0.541176
191.887 136.992 0.519104 0.545098
198.473 134.234 0.519104 0.545098
204.859 131.883 0.4973 0.54902
210.238 130 0.4973 0.54902
214.07 129.059 0.474967 0.54902
216.254 129.027 0.474967 0.54902
215.48 131.613 0.474967 0.545098
212.355 134.402 0.474967 0.556863
207.887 137.965 0.474967 0.560784
202.609 141.832 0.474967 0.568627
197.262 145.832 0.463604 0.572549
192.457 149.695 0.463604 0.580392
188.691 153.094 0.463604 0.584314
186.609 155.816 0.463604 0.584314
186.172 157.695 0.48558 0.584314
187.48 158.57 0.48558 0.580392
191.414 158.57 0.48558 0.588235
197.398 157.191 0.4973 0.592157
205.062 154.84 0.4973 0.596078
213.363 152.051 0.4973 0.6
221.328 149.562 0.4973 0.6
227.953 147.781 0.4973 0.6
232.457 146.973 0.4973 0.6
234.742 146.973 0.48558 0.6
234.742 148.59 0.48558 0.592157
232.457 151.578 0.48558 0.596078
223.715 160.352 0.48558 0.603922
218.773 165.562 0.48558 0.611765
214.371 170.57 0.4973 0.611765
211.145 175.309 0.4973 0.615686
209.465 179.309 0.4973 0.615686
209.531 182.199 0.509549 0.615686
217.094 184.082 0.509549 0.615686
230.844 181.762 0.544821 0.631373
238.371 179.711 0.544821 0.635294
245.195 177.898 0.544821 0.639216
250.605 176.621 0.522359 0.639216
254.102 176.219 0.522359 0.639216
255.75 176.387 0.499301 0.635294
255.75 178.168 0.499301 0.627451
254.809 181.059 0.488286 0.631373
252.656 184.652 0.488286 0.635294
249.969 188.723 0.488286 0.635294
247.145 192.754 0.488286 0.639216
244.691 196.719 0.475648 0.639216
243.043 200.316 0.475648 0.639216
242.473 203.375 0.499301 0.639216
245.363 206.84 0.499301 0.639216
249.262 207.039 0.522359 0.647059
254.27 206.703 0.499301 0.65098
259.949 205.391 0.499301 0.65098
265.664 203.914 0.499301 0.654902
270.977 202.469 0.475648 0.654902
275.547 201.492 0.475648 0.654902
278.906 201.125 0.475648 0.654902
281.191 201.324 0.451405 0.65098
282.336 203.074 0.451405 0.647059
282.57 205.863 0.451405 0.647059
282.57 209.391 0.451405 0.65098
282.336 213.191 0.439796 0.65098
281.965 217.023 0.463602 0.65098
281.934 220.617 0.463602 0.654902
283.578 226.301 0.463602 0.654902
291.043 228.922 0.486854 0.658824
303.883 228.688 0.486854 0.662745
310.941 227.777 0.486854 0.666667
322.434 226.367 0.486854 0.670588
325.965 226.367 0.463602 0.666667
327.879 227.207 0.463602 0.666667
328.316 229.258 0.439796 0.662745
326.871 235.441 0.439796 0.662745
323.207 242.5 0.439796 0.666667
321.496 245.828 0.451405 0.670588
320.117 248.551 0.451405 0.670588
319.613 250.602 0.451405 0.670588
319.781 251.777 0.488286 0.678431
321.496 252.148 0.488286 0.67451
324.215 252.148 0.501556 0.67451
327.645 251.207 0.501556 0.678431
331.273 249.863 0.501556 0.678431
337.227 247.574 0.501556 0.67451
338.738 247.207 0.476418 0.678431
339.543 247.207 0.476418 0.678431
339.645 248.418 0.463596 0.670588
339.578 250.266 0.463596 0.67451
339.141 252.586 0.463596 0.67451
338.703 254.969 0.463596 0.682353
338.57 257.223 0.463596 0.678431
338.57 259.238 0.463596 0.678431
339.074 260.922 0.477292 0.682353
340.285 262.367 0.477292 0.682353
342.133 263.375 0.477292 0.682353
344.957 264.047 0.504114 0.686275
348.586 264.414 0.504114 0.686275
352.652 264.617 0.504114 0.686275
360.316 265.559 0.504114 0.690196
365.121 269.223 0.530166 0.690196
367.039 275.945 0.530166 0.686275
367.578 279.809 0.530166 0.690196
368.953 287.273 0.5155 0.694118
370.266 290.566 0.540372 0.698039
372.047 293.457 0.540372 0.698039
374.367 295.742 0.540372 0.698039
381.492 298.633 0.540372 0.701961
390.633 299.574 0.540372 0.709804
394.969 299.742 0.5155 0.709804
398.836 300.043 0.5155 0.709804
401.93 300.582 0.489907 0.709804
404.316 301.727 0.463596 0.709804
405.961 303.609 0.463596 0.709804
407.004 306.094 0.463596 0.705882
407.676 309.086 0.463596 0.709804
408.215 312.18 0.463596 0.709804
409.762 317.859 0.477292 0.713726
410.902 320.109 0.477292 0.717647
412.348 322.129 0.491755 0.721569
413.961 323.742 0.491755 0.721569
415.809 325.152 0.491755 0.72549
417.758 326.465 0.491755 0.72549
419.742 327.641 0.519094 0.72549
421.859 328.816 0.534902 0.729412
424.113 329.824 0.534902 0.729412
426.668 330.734 0.534902 0.729412
429.625 331.406 0.534902 0.729412
433.055 332.078 0.534902 0.733333
436.75 332.816 0.5516 0.733333
440.617 333.488 0.5516 0.733333
444.379 334.262 0.5516 0.733333
451.035 336.109 0.5516 0.737255
456.648 339.07 0.5516 0.737255
461.387 342.801 0.523222 0.737255
463.504 344.75 0.493883 0.737255
465.555 346.496 0.493883 0.737255
467.504 348.109 0.493883 0.741176
471.137 350.801 0.463588 0.741176
472.816 352.109 0.463588 0.745098
474.328 353.285 0.463588 0.745098
475.707 354.461 0.463588 0.745098
477.051 355.539 0.463588 0.74902
478.195 356.344 0.463588 0.74902
479.234 357.117 0.463588 0.752941
480.078 357.691 0.463588 0.752941
480.883 358.262 0.463588 0.756863
482.363 359.234 0.463588 0.756863
483 359.57 0.463588 0.756863
483.539 359.672 0.463588 0.760784
484.145 359.738 0.448665 0.760784
484.848 359.809 0.463588 0.764706
485.555 359.809 0.463588 0.768627
486.262 359.473 0.463588 0.772549
486.73 358.43 0.463588 0.772549
486.898 356.48 0.463588 0.776471
486.898 353.488 0.463588 0.780392
485.926 349.555 0.463588 0.784314
483.977 345.02 0.463588 0.780392
477.355 335.539 0.432346 0.784314
473.117 330.902 0.432346 0.780392
464.277 320.617 0.432346 0.780392
454.969 308.547 0.418164 0.780392
449.859 302.062 0.434613 0.780392
444.715 295.305 0.421363 0.780392
439.27 288.145 0.436574 0.780392
433.59 280.719 0.436574 0.780392
427.844 273.523 0.436574 0.780392
421.793 266.734 0.45061 0.780392
415.742 260.75 0.45061 0.776471
409.727 254.938 0.45061 0.776471
403.879 249.09 0.412359 0.776471
398.465 243.141 0.412359 0.764706
393.457 236.887 0.412359 0.772549
389.121 230.703 0.401179 0.776471
385.355 224.383 0.401179 0.776471
382.398 218.234 0.390558 0.776471
380.25 212.586 0.380458 0.776471
378.535 207.41 0.380458 0.776471
377.289 203.008 0.380458 0.776471
376.047 199.039 0.370844 0.776471
374.871 195.375 0.394745 0.776471
374.031 191.812 0.394745 0.776471
373.426 187.98 0.394745 0.776471
373.289 183.812 0.394745 0.776471
373.289 179.242 0.394745 0.776471
374.367 170.199 0.394745 0.776471
374.836 166.336 0.394745 0.776471
375.07 162.941 0.361683 0.776471
375.07 159.746 0.361683 0.772549
373.895 153.527 0.361683 0.772549
371.039 146.773 0.329578 0.772549
368.887 142.977 0.321705 0.768627
366.332 139.176 0.321705 0.768627
363.273 135.379 0.298453 0.768627
359.609 131.781 0.298453 0.768627
355.273 128.555 0.298453 0.764706
350.133 125.562 0.274863 0.764706
344.148 122.941 0.257276 0.760784
337.324 120.656 0.257276 0.760784
321.762 117.297 0.232508 0.756863
313.527 116.086 0.232508 0.756863
305.562 115.277 0.226751 0.756863
297.898 114.773 0.250956 0.752941
290.773 114.773 0.244933 0.752941
284.051 115.078 0.268321 0.752941
277.395 116.117 0.268321 0.752941
270.809 117.832 0.268321 0.74902
263.984 120.117 0.291412 0.74902
256.824 123.246 0.291412 0.745098
249.43 127.176 0.298453 0.74902
241.934 131.648 0.298453 0.745098
234.641 136.621 0.329578 0.74902
227.75 141.832 0.352945 0.74902
221.363 147.277 0.352945 0.74902
210.102 159.008 0.375916 0.74902
201.062 171.645 0.420621 0.74902
194.035 184.352 0.430649 0.74902
190.844 190.703 0.463604 0.752941
187.582 197.227 0.463604 0.752941
184.02 203.812 0.474967 0.752941
180.355 210.637 0.474967 0.756863
176.625 217.391 0.4973 0.756863
173.062 224.082 0.4973 0.756863
169.938 230.902 0.519104 0.756863
167.215 237.828 0.531681 0.756863
163.246 252.246 0.553253 0.756863
161.938 259.508 0.587962 0.768627
161.199 266.836 0.623159 0.764706
161.031 274.164 0.638279 0.764706
161.031 281.523 0.654042 0.764706
162.105 288.449 0.674701 0.764706
164.121 294.934 0.674701 0.764706
167.215 300.684 0.691297 0.760784
171.551 305.793 0.691297 0.764706
177.195 310.262 0.67048 0.764706
184.121 313.758 0.67048 0.764706
192.422 316.48 0.68763 0.764706
201.766 318.195 0.665926 0.768627
211.984 318.801 0.683666 0.768627
222.773 318.633 0.660998 0.768627
244.152 313.992 0.679368 0.768627
262.402 305.391 0.655648 0.772549
269.664 299.406 0.63103 0.772549
275.613 291.844 0.613159 0.776471
279.949 283.305 0.587953 0.776471
282.27 266.297 0.571288 0.780392
280.52 259.105 0.545604 0.784314
276.422 252.953 0.530166 0.784314
270.809 247.844 0.530166 0.784314
263.848 243.711 0.530166 0.776471
256.051 241.055 0.5155 0.780392
247.613 239.879 0.5155 0.780392
238.707 239.879 0.501556 0.780392
229.465 240.82 0.526019 0.776471
219.984 243.375 0.526019 0.776471
210.539 247.508 0.512343 0.772549
201.297 253.121 0.535766 0.772549
192.727 260.484 0.535766 0.780392
185.062 269.523 0.572922 0.772549
179.18 279.203 0.572922 0.768627
175.652 289.391 0.595367 0.764706
174.508 299.137 0.610682 0.764706
175.988 307.605 0.610682 0.760784
180.055 314.699 0.632706 0.760784
193.77 322.766 0.648953 0.760784
202.676 323.508 0.648953 0.760784
212.559 322.664 0.665926 0.764706
222.875 319.539 0.643456 0.764706
233.059 314.664 0.643456 0.764706
242.574 308.312 0.643456 0.764706
250.91 300.648 0.620203 0.764706
257.633 292.012 0.596151 0.768627
262.203 282.969 0.596151 0.768627
264.453 274.465 0.571288 0.768627
264.453 267.105 0.571288 0.768627
262 261.426 0.545604 0.772549
257.227 257.594 0.545604 0.772549
250.641 255.273 0.530166 0.772549
242.875 254.602 0.530166 0.768627
234.406 254.871 0.530166 0.768627
225.43 256.887 0.540372 0.764706
216.32 260.414 0.540372 0.764706
207.449 265.426 0.564523 0.764706
192.289 280.719 0.564523 0.764706
187.18 289.895 0.587958 0.760784
184.457 299.004 0.587958 0.756863
184.324 307.102 0.610682 0.756863
186.574 313.793 0.626699 0.752941
191.719 318.566 0.626699 0.752941
198.91 321.254 0.626699 0.752941
207.449 321.891 0.643456 0.756863
216.691 320.816 0.643456 0.756863
226.34 317.758 0.660998 0.756863
235.684 313.32 0.637502 0.760784
244.117 307.844 0.637502 0.760784
251.043 301.457 0.637502 0.760784
255.984 293.961 0.613159 0.764706
259.582 278.332 0.613159 0.764706
258.738 271.809 0.571288 0.768627
255.547 267.207 0.545604 0.768627
250.406 264.383 0.530166 0.768627
243.949 263.238 0.530166 0.768627
236.625 263.238 0.530166 0.764706
228.992 264.383 0.555445 0.764706
221.664 267.273 0.555445 0.764706
214.844 271.406 0.579956 0.764706
204.828 283.441 0.603704 0.760784
202.34 290.297 0.603704 0.756863
202.035 296.75 0.610682 0.756863
203.551 301.961 0.610682 0.752941
207.684 305.559 0.610682 0.752941
213.633 307.203 0.610682 0.752941
220.793 307.203 0.626699 0.756863
228.32 305.727 0.626699 0.756863
235.547 302.465 0.626699 0.760784
246.742 292.449 0.626699 0.760784
250.066 286.23 0.603704 0.764706
251.613 280.18 0.603704 0.764706
251.613 275.172 0.579956 0.764706
249.699 271.945 0.579956 0.768627
245.934 270.801 0.579956 0.768627
241.027 271.207 0.564523 0.764706
235.414 273.523 0.564523 0.764706
229.832 277.289 0.564523 0.764706
221.062 286.836 0.587958 0.760784
218.707 291.273 0.610682 0.760784
217.934 294.766 0.610682 0.756863
218.641 297.121 0.610682 0.756863
221.598 298.262 0.632706 0.756863
226.137 298.262 0.632706 0.756863
231.781 296.887 0.632706 0.760784
237.598 293.996 0.632706 0.760784
242.91 290.164 0.610682 0.764706
249.633 281.391 0.610682 0.764706
250.707 277.691 0.587958 0.764706
250.473 275.07 0.587958 0.768627
248.285 274.062 0.587958 0.768627
244.859 274.129 0.587958 0.764706
240.656 275.879 0.587958 0.760784
236.422 278.902 0.587958 0.756863
232.457 282.734 0.587958 0.756863
229.094 287.07 0.587958 0.756863
224.961 295.137 0.587958 0.752941
224.488 298.094 0.610682 0.752941
224.992 299.945 0.610682 0.752941
227.246 300.648 0.610682 0.752941
230.742 300.516 0.610682 0.752941
235.043 298.836 0.610682 0.756863
239.48 296.145 0.626699 0.756863
243.246 292.551 0.626699 0.756863
245.934 288.383 0.603704 0.760784
247.445 280.113 0.603704 0.760784
246.977 277.324 0.603704 0.760784
245.027 276.113 0.587958 0.764706
238.809 277.996 0.587958 0.756863
235.145 280.988 0.587958 0.752941
231.684 284.719 0.587958 0.752941
228.723 288.852 0.587958 0.752941
226.508 293.086 0.587958 0.752941
224.793 299.875 0.610682 0.74902
225.262 301.992 0.610682 0.74902
227.277 303.07 0.632706 0.74902
234.102 302.195 0.632706 0.74902
237.902 299.875 0.626699 0.752941
241.16 296.516 0.626699 0.756863
243.582 292.719 0.626699 0.756863
245.094 288.816 0.603704 0.756863
245.562 282.836 0.587958 0.756863
243.445 281.457 0.587958 0.760784
241.363 282.801 0.587958 0.752941
238.809 285.457 0.587958 0.74902
236.152 289.152 0.587958 0.74902
233.633 293.121 0.587958 0.74902
231.684 296.984 0.587958 0.745098
230.336 300.379 0.587958 0.74902
229.801 305.02 0.610682 0.745098
231.379 305.895 0.626699 0.745098
234.305 305.895 0.648953 0.74902
238.203 304.75 0.626699 0.74902
242.605 302.43 0.626699 0.752941
246.84 299.508 0.626699 0.752941
250.371 296.246 0.603704 0.752941
252.891 293.32 0.603704 0.752941
254.27 291.105 0.579956 0.752941
254.605 289.895 0.555445 0.752941
254.102 289.895 0.555445 0.756863
252.219 291.172 0.540372 0.752941
249.766 293.691 0.540372 0.752941
247.109 296.984 0.540372 0.752941
244.824 300.75 0.540372 0.752941
243.211 304.75 0.540372 0.752941
242.473 308.617 0.579956 0.752941
242.473 312.043 0.579956 0.752941
243.918 314.566 0.579956 0.752941
247.008 316.043 0.620203 0.752941
251.715 316.312 0.620203 0.756863
265.43 314.496 0.637502 0.756863
273.227 312.48 0.613159 0.756863
280.855 310.398 0.613159 0.760784
287.141 308.246 0.587953 0.760784
291.547 306.531 0.587953 0.760784
294.031 305.422 0.587953 0.760784
294.504 304.918 0.587953 0.764706
293.695 305.254 0.571288 0.764706
291.176 307.238 0.571288 0.760784
284.082 314.969 0.571288 0.760784
280.59 320.348 0.571288 0.764706
277.629 326.363 0.587953 0.764706
275.344 332.883 0.587953 0.768627
274.27 339.672 0.587953 0.768627
274.301 346.125 0.63103 0.768627
276.723 351.773 0.63103 0.772549
281.227 356.109 0.649821 0.772549
287.648 358.629 0.649821 0.772549
304.586 359.27 0.649821 0.776471
313.496 356.848 0.623972 0.776471
321.762 352.648 0.623972 0.780392
328.754 346.766 0.623972 0.780392
334.602 339.574 0.597123 0.784314
338.906 331.504 0.569258 0.784314
341.527 324.043 0.569258 0.784314
342.164 317.992 0.540362 0.784314
340.922 313.992 0.540362 0.784314
332.285 312.516 0.493883 0.784314
326.504 314.531 0.478295 0.784314
320.387 318.129 0.507043 0.784314
314.168 322.969 0.507043 0.784314
301.965 336.918 0.519094 0.784314
296.621 346.195 0.56187 0.784314
292.688 356.816 0.587953 0.784314
290.941 367.809 0.63103 0.784314
291.613 378.023 0.63103 0.784314
295.547 386.359 0.674693 0.784314
302.168 392.309 0.674693 0.784314
320.922 396.914 0.69469 0.784314
332.586 396.043 0.737766 0.788235
345.629 392.379 0.712307 0.788235
359.945 386.695 0.712307 0.792157
374.266 379.402 0.685676 0.792157
387.508 371.203 0.657833 0.792157
398.566 362.664 0.628738 0.792157
406.23 354.562 0.577842 0.792157
410.129 347.57 0.528014 0.792157
407.07 338.328 0.510429 0.796078
400.684 336.008 0.463588 0.796078
392.281 334.801 0.463588 0.796078
382.367 334.664 0.463588 0.792157
371.07 335.137 0.448665 0.792157
358.871 337.285 0.478295 0.792157
346.434 340.852 0.507043 0.792157
334.402 346.195 0.507043 0.792157
323.812 353.355 0.519094 0.788235
311.41 372.949 0.519094 0.788235
311.207 383.941 0.587953 0.784314
314.738 394.191 0.587953 0.784314
322.133 402.461 0.63103 0.784314
331.914 407.84 0.63103 0.784314
342.84 410.461 0.649821 0.784314
353.93 410.461 0.669589 0.788235
364.754 408.781 0.663994 0.788235
374.734 404.746 0.663994 0.788235
390.297 390.695 0.657833 0.788235
394.938 381.051 0.628738 0.788235
396.75 370.227 0.577842 0.788235
391.004 349.656 0.577842 0.788235
382.5 341.758 0.528014 0.788235
370.602 335.941 0.510429 0.788235
339.949 330.059 0.493883 0.784314
305.934 330.328 0.507043 0.780392
289.191 332.949 0.519094 0.772549
273.562 337.254 0.545604 0.772549
259.582 343.102 0.571288 0.768627
248.152 350.699 0.596151 0.764706
239.816 360.176 0.596151 0.760784
234.875 371.133 0.620203 0.752941
233.934 382.832 0.643456 0.74902
236.523 393.586 0.660998 0.745098
251.613 408.242 0.683666 0.741176
261.363 410.797 0.698614 0.733333
271.074 410.695 0.698614 0.737255
280.422 407.199 0.718784 0.737255
289.395 400.949 0.715695 0.737255
297.43 392.176 0.690396 0.737255
304.352 381.219 0.690396 0.741176
309.426 368.547 0.663994 0.741176
311.914 355.137 0.643449 0.741176
308.586 331.91 0.643449 0.741176
302.168 323.977 0.605494 0.745098
293.125 318.934 0.587953 0.74902
282.371 316.043 0.571288 0.74902
271.043 315.27 0.571288 0.74902
259.512 315.707 0.555445 0.74902
248.59 318.094 0.555445 0.74902
238.305 321.992 0.555445 0.74902
228.457 327.27 0.564523 0.745098
211.547 343.168 0.579956 0.745098
204.793 353.758 0.603704 0.741176
199.684 365.723 0.643456 0.741176
196.457 388.512 0.643456 0.741176
198.203 396.746 0.683666 0.737255
202.777 402.125 0.702213 0.737255
217.062 403.535 0.721611 0.737255
236.219 391.367 0.741903 0.741176
254.641 368.277 0.739929 0.745098
261.293 354.867 0.715695 0.74902
264.926 342.094 0.669589 0.74902
265.262 330.699 0.669589 0.74902
262.641 322.062 0.623972 0.752941
256.117 316.211 0.579022 0.752941
247.043 313.121 0.56187 0.756863
223.883 313.691 0.545604 0.752941
198.07 322.027 0.555445 0.752941
185.734 328.379 0.579956 0.752941
174.809 336.211 0.603704 0.752941
165.734 345.355 0.626699 0.74902
159.215 355.738 0.648953 0.74902
156.055 366.629 0.665926 0.745098
156.324 376.883 0.68763 0.741176
169.199 390.527 0.705526 0.741176
190.473 391.27 0.724208 0.737255
202.105 386.598 0.743713 0.741176
213.598 379.336 0.741903 0.741176
224.289 370.023 0.741903 0.741176
239.078 346.195 0.718784 0.745098
242.07 333.219 0.674693 0.745098
238.641 312.078 0.674693 0.745098
222.102 302.902 0.637502 0.745098
210.406 302.5 0.603704 0.745098
197.902 303.641 0.587958 0.741176
185.566 306.902 0.587958 0.741176
163.414 317.051 0.587958 0.741176
153.805 323.539 0.632706 0.741176
145.668 330.832 0.632706 0.741176
139.449 339.238 0.654042 0.737255
135.52 348.414 0.67048 0.737255
134.578 357.656 0.67048 0.733333
136.457 365.824 0.708586 0.733333
149.902 374.43 0.708586 0.72549
159.988 374.43 0.726602 0.721569
170.812 371.336 0.724208 0.721569
181.531 365.59 0.724208 0.721569
191.414 357.453 0.743713 0.72549
199.617 347.539 0.721611 0.72549
205.598 335.773 0.698614 0.729412
209.195 323.07 0.698614 0.729412
210.07 310.496 0.655648 0.733333
204.523 289.895 0.655648 0.733333
198.203 283.105 0.596151 0.737255
190.035 278.5 0.579956 0.737255
169.902 275.137 0.579956 0.737255
158.742 275.641 0.587958 0.733333
147.516 277.961 0.587958 0.733333
136.996 281.828 0.572922 0.733333
127.719 287.172 0.595367 0.733333
115.316 302.465 0.595367 0.733333
112.996 311.035 0.632706 0.729412
112.996 318.969 0.632706 0.729412
120.023 329.02 0.67048 0.72549
125.234 330.934 0.68763 0.729412
130.746 330.934 0.683666 0.729412
142.141 324.883 0.702213 0.733333
154.039 309.289 0.702213 0.741176
159.887 297.895 0.702213 0.741176
165.703 284.918 0.679368 0.741176
175.246 258.266 0.679368 0.741176
177.668 247.105 0.637502 0.733333
177.801 237.895 0.620203 0.741176
173.398 224.316 0.603704 0.745098
165.969 216.25 0.564523 0.745098
161.297 214.668 0.535766 0.741176
155.516 214.738 0.522359 0.737255
140.492 221.191 0.522359 0.729412
132.359 226.906 0.509549 0.72549
124.762 234.031 0.509549 0.72549
113.266 251.004 0.522359 0.72549
109.031 267.207 0.535766 0.733333
109.266 273.66 0.572922 0.72549
111.117 279.035 0.587958 0.72549
113.973 282.902 0.603704 0.72549
117.906 285.086 0.620203 0.72549
122.711 285.324 0.643456 0.729412
128.66 283.945 0.643456 0.733333
135.52 280.215 0.643456 0.737255
142.844 274.531 0.660998 0.737255
157.164 257.594 0.637502 0.737255
163.414 246.973 0.637502 0.741176
168.66 235.914 0.596151 0.729412
172.66 225.492 0.596151 0.737255
175.246 216.586 0.579956 0.741176
176.289 208.922 0.555445 0.741176
176.289 202.5 0.540372 0.745098
175.246 196.922 0.526019 0.745098
173.398 192.484 0.526019 0.745098
167.281 187.277 0.526019 0.741176
162.508 186.805 0.512343 0.737255
156.223 187.375 0.512343 0.729412
148.695 189.93 0.512343 0.72549
140.324 193.996 0.535766 0.72549
131.785 199.441 0.535766 0.72549
123.688 206.266 0.535766 0.721569
116.66 214.098 0.544821 0.72549
111.352 222.805 0.544821 0.721569
106.746 239.914 0.544821 0.721569
106.848 247.207 0.580714 0.717647
108.395 252.852 0.595367 0.717647
110.543 257.09 0.610682 0.72549
113.098 259.98 0.610682 0.721569
116.09 261.691 0.626699 0.717647
119.586 262.195 0.643456 0.717647
123.754 261.559 0.660998 0.721569
128.797 258.871 0.660998 0.72549
141.266 247.406 0.660998 0.72549
155.383 229.191 0.660998 0.72549
162.004 218.77 0.643456 0.729412
167.684 208.52 0.620203 0.729412
172.121 199.441 0.603704 0.733333
175.047 191.914 0.587958 0.733333
176.523 185.73 0.564523 0.733333
176.895 180.555 0.549807 0.737255
175.516 171.883 0.549807 0.737255
173.969 168.688 0.535766 0.737255
171.887 166.27 0.535766 0.733333
169.23 164.957 0.522359 0.733333
160.492 164.957 0.522359 0.729412
154.441 166.703 0.509549 0.72549
147.684 169.191 0.509549 0.72549
140.895 172.082 0.531681 0.721569
134.578 175.207 0.531681 0.721569
123.957 182.133 0.531681 0.721569
119.418 186.066 0.544821 0.717647
115.25 190.336 0.544821 0.717647
107.719 200.148 0.544821 0.717647
102.949 211.039 0.566687 0.717647
102.309 216.383 0.587962 0.717647
102.512 221.191 0.587962 0.713726
104.258 225.289 0.587962 0.713726
106.879 228.449 0.608649 0.709804
113.805 232.082 0.608649 0.709804
122.172 232.281 0.602246 0.713726
126.879 230.602 0.617149 0.717647
132.121 227.914 0.617149 0.721569
137.703 224.215 0.617149 0.721569
143.551 219.711 0.617149 0.72549
155.047 207.711 0.617149 0.72549
160.223 200.418 0.617149 0.72549
164.762 192.352 0.617149 0.729412
172.258 176.688 0.617149 0.729412
177.266 163.547 0.595367 0.729412
178.879 157.965 0.580714 0.733333
179.887 152.723 0.566687 0.733333
180.324 142.402 0.566687 0.733333
179.145 137.43 0.531681 0.733333
173.535 128.824 0.519104 0.733333
168.996 125.598 0.519104 0.729412
163.449 123.246 0.507057 0.72549
157.098 121.664 0.507057 0.72549
149.938 120.488 0.507057 0.721569
142.34 119.781 0.507057 0.721569
134.441 119.246 0.507057 0.721569
126.477 119.008 0.507057 0.721569
110.105 119.277 0.507057 0.721569
101.906 120.285 0.507057 0.721569
93.8398 121.633 0.528034 0.721569
86.207 123.445 0.528034 0.717647
79.0156 125.598 0.54851 0.717647
71.9922 128.254 0.568486 0.717647
65.2344 131.582 0.568486 0.717647
58.6133 135.41 0.568486 0.717647
52.5977 139.848 0.587965 0.713726
42.0078 149.664 0.587965 0.713726
37.6406 154.906 0.606951 0.713726
33.9414 159.949 0.606951 0.713726
31.3203 164.855 0.620213 0.709804
29.6406 169.125 0.638878 0.709804
28.6992 172.723 0.638878 0.709804
28.2266 175.68 0.671109 0.709804
27.6211 180.285 0.671109 0.709804
27.3867 182.301 0.703579 0.709804
27.2539 186.301 0.703579 0.709804
27.2539 188.215 0.718795 0.709804
27.8906 190.133 0.718795 0.709804
28.8984 191.949 0.718795 0.705882
30.3125 193.73 0.718795 0.705882
32.1602 195.512 0.718795 0.705882
36.2266 199.105 0.700819 0.705882
38.2422 200.789 0.700819 0.705882
41.7383 203.945 0.700819 0.709804
43.2188 205.426 0.700819 0.709804
44.5977 206.906 0.700819 0.709804
45.7734 208.383 0.700819 0.709804
46.9492 209.965 0.68228 0.709804
48.0234 211.441 0.68228 0.709804
49.8086 213.828 0.68228 0.709804
50.4453 214.434 0.663165 0.709804
51.2539 214.973 0.663165 0.709804
51.5547 215.105 0.663165 0.713726
51.7891 215.34 0.663165 0.713726
51.9922 215.512 0.663165 0.713726
52.2266 215.746 0.663165 0.713726
52.3945 215.945 0.663165 0.713726
52.9336 216.586 0.663165 0.709804
53.2031 216.887 0.663165 0.709804
53.5039 217.191 0.663165 0.713726
53.6055 217.293 0.68228 0.713726
53.6055 217.324 0.68228 0.713726
53.6367 217.359 0.68228 0.713726
53.707 217.391 0.68228 0.713726
53.707 217.391 0.68228 0.717647
53.707 217.391 0.68228 0.717647
53.707 217.391 0.68228 0.721569
53.7383 217.391 0.68228 0.721569
53.7383 217.391 0.68228 0.721569
53.7383 217.391 0.68228 0.721569
53.7383 217.391 0.68228 0.721569
53.7383 217.461 0.68228 0.717647
53.7383 217.492 0.68228 0.717647
53.7383 217.594 0.68228 0.717647
53.7734 217.629 0.68228 0.717647
53.9414 217.727 0.68228 0.717647
54.043 217.797 0.68228 0.717647
54.043 217.797 0.68228 0.717647
54.043 217.797 0.68228 0.717647
54.043 217.797 0.68228 0.717647
54.1094 217.895 0.663165 0.717647
54.4102 218.164 0.663165 0.717647
54.5781 218.332 0.663165 0.717647
54.8828 218.602 0.663165 0.717647
55.0508 218.836 0.663165 0.717647
55.1836 218.906 0.663165 0.717647
55.3516 219.039 0.663165 0.717647
55.4531 219.242 0.663165 0.717647
55.4883 219.273 0.663165 0.717647
55.5547 219.34 0.663165 0.717647
55.5898 219.34 0.648294 0.717647
55.5898 219.34 0.648294 0.717647
55.5898 219.34 0.648294 0.717647
55.6562 219.375 0.648294 0.721569
55.6562 219.375 0.648294 0.721569
55.6875 219.375 0.648294 0.72549
55.7227 219.375 0.648294 0.72549
55.7578 219.375 0.648294 0.72549
55.8555 219.375 0.648294 0.72549
55.8555 219.375 0.648294 0.72549
55.8555 219.375 0.648294 0.729412
55.8555 219.375 0.648294 0.729412
55.8555 219.375 0.648294 0.729412
55.8555 219.375 0.648294 0.729412
55.8555 219.375 0.648294 0.729412
55.8555 219.375 0.648294 0.729412
55.8555 219.375 0.648294 0.729412
55.8906 219.375 0.648294 0.729412
55.8906 219.375 0.648294 0.729412
55.8906 219.375 0.648294 0.733333
55.8906 219.375 0.648294 0.729412
55.8906 219.375 0.648294 0.733333
55.8906 219.375 0.648294 0.729412
55.8906 219.375 0.648294 0.733333
55.8906 219.375 0.648294 0.729412
55.8906 219.375 0.648294 0.729412
55.8906 219.375 0.648294 0.721569
55.8906 219.309 0.663165 0.611765
55.8906 218.5 0.663165 0.290196
