149.137 73.7109 0.439796 0.0823529
149 73 1.5708 1
149.641 74.0469 0.439796 0.0862745
149.641 74.0117 0.439796 0.223529
149.641 73.9805 0.463602 0.258824
149.641 73.9805 0.463602 0.298039
149.707 73.9805 0.463602 0.341176
149.742 73.9805 0.463602 0.376471
149.844 73.9805 0.463602 0.403922
149.844 73.9141 0.463602 0.439216
149.844 73.8789 0.463602 0.466667
149.844 73.7773 0.463602 0.490196
149.844 73.7422 0.463602 0.505882
149.844 73.7422 0.463602 0.521569
149.574 73.7422 0.463602 0.529412
149.238 73.7422 0.463602 0.533333
148.633 73.7422 0.463602 0.533333
147.727 73.9141 0.463602 0.537255
146.449 74.5508 0.475648 0.537255
144.766 75.4258 0.475648 0.537255
142.75 76.5352 0.475648 0.537255
140.5 77.7422 0.475648 0.537255
136.129 80.0625 0.475648 0.537255
133.574 81.543 0.499301 0.537255
132.938 81.8789 0.499301 0.541176
132.902 81.8789 0.522359 0.545098
132.902 81.8789 0.522359 0.54902
133.711 81.4766 0.522359 0.552941
135.188 80.668 0.522359 0.556863
137.508 79.625 0.522359 0.552941
140.398 78.2148 0.522359 0.556863
143.625 76.8047 0.522359 0.552941
146.918 75.5586 0.522359 0.552941
149.875 74.4844 0.499301 0.552941
152.23 73.8438 0.499301 0.552941
153.742 73.543 0.499301 0.552941
154.547 73.4414 0.475648 0.552941
154.617 73.4414 0.475648 0.54902
154.516 73.6094 0.475648 0.54902
153.305 74.5156 0.475648 0.545098
151.254 75.9297 0.475648 0.54902
148.363 77.7109 0.475648 0.552941
144.867 79.5586 0.475648 0.556863
141.238 81.5078 0.475648 0.556863
137.641 83.3555 0.475648 0.560784
134.648 85.1367 0.512343 0.556863
132.602 86.5508 0.512343 0.560784
131.625 87.3555 0.512343 0.556863
131.625 87.625 0.535766 0.552941
132.699 87.4258 0.535766 0.545098
135.492 86.1484 0.535766 0.552941
139.859 84.1641 0.535766 0.556863
151.152 79.2578 0.535766 0.556863
159.121 76.0977 0.535766 0.556863
160.668 75.6602 0.512343 0.556863
157.473 78.0469 0.475648 0.552941
154.145 80.0977 0.451405 0.560784
145.371 84.8359 0.451405 0.560784
140.332 87.5586 0.488286 0.564706
135.086 90.582 0.488286 0.564706
130.281 93.2734 0.512343 0.564706
125.508 96.3984 0.526019 0.568627
129.406 95.4922 0.549807 0.552941
134.348 93.4727 0.587958 0.560784
147.391 87.625 0.587958 0.560784
153.676 84.668 0.564523 0.564706
158.617 82.5156 0.564523 0.564706
161.742 81.2734 0.526019 0.560784
163.121 81.0703 0.526019 0.564706
158.012 84.1641 0.463599 0.560784
153.574 86.3477 0.451405 0.568627
148.363 88.8711 0.463599 0.568627
142.816 91.5938 0.463599 0.568627
137.238 94.3828 0.488286 0.572549
132.098 96.9375 0.501556 0.572549
128.398 98.7188 0.526019 0.572549
126.652 99.8594 0.549807 0.572549
126.652 99.9297 0.564523 0.568627
132.668 98.1797 0.564523 0.564706
137.977 95.7617 0.587958 0.572549
144.297 92.9688 0.587958 0.572549
150.719 90.2148 0.564523 0.572549
156.129 87.9961 0.564523 0.572549
159.691 86.6836 0.564523 0.572549
161.371 86.3477 0.540372 0.572549
161.371 86.5508 0.526019 0.568627
159.32 87.8594 0.501556 0.568627
155.793 89.8438 0.501556 0.572549
151.055 92.2305 0.488286 0.572549
145.742 94.918 0.488286 0.576471
140.5 97.7422 0.501556 0.576471
135.691 100.332 0.501556 0.576471
132.164 102.281 0.526019 0.576471
130.48 103.492 0.549807 0.576471
130.582 103.625 0.549807 0.568627
133.508 102.953 0.564523 0.568627
138.617 101.105 0.587958 0.572549
145.172 98.3828 0.587958 0.576471
152.164 95.4258 0.564523 0.576471
158.48 92.9375 0.564523 0.576471
162.883 91.2227 0.564523 0.576471
165.07 90.6172 0.526019 0.576471
165.07 90.6836 0.501556 0.572549
158.816 94.4141 0.501556 0.572549
147.02 100.363 0.476418 0.576471
134.785 106.617 0.501556 0.576471
130.246 109.035 0.540372 0.576471
127.523 110.953 0.540372 0.576471
129.676 110.516 0.579956 0.568627
134.852 108.699 0.603704 0.572549
142.113 105.641 0.603704 0.576471
158.449 98.1484 0.603704 0.576471
168.664 93.2734 0.579956 0.576471
169.844 93.0039 0.540372 0.576471
168.801 93.5078 0.5155 0.572549
165.137 95.4922 0.489907 0.576471
159.895 98.2148 0.476418 0.576471
153.707 101.441 0.476418 0.576471
147.02 104.668 0.476418 0.576471
134.516 110.75 0.489907 0.580392
128.867 113.879 0.5155 0.580392
129.742 113.879 0.579956 0.568627
134.246 112.566 0.579956 0.576471
141.105 110.078 0.603704 0.580392
149.473 106.617 0.603704 0.580392
158.113 102.918 0.579956 0.580392
165.742 99.5938 0.579956 0.580392
173.438 96.1641 0.579956 0.580392
170.785 97.6406 0.5155 0.580392
166.012 100.098 0.476418 0.580392
152.5 106.48 0.476418 0.580392
145.137 109.977 0.489907 0.584314
138.113 113.07 0.5155 0.584314
132.734 115.625 0.5155 0.584314
129.574 117.371 0.555445 0.588235
128.938 118.078 0.555445 0.580392
130.82 117.977 0.579956 0.572549
135.422 116.297 0.603704 0.580392
142.246 113.539 0.603704 0.584314
150.246 109.777 0.603704 0.584314
158.211 106.012 0.603704 0.584314
164.934 102.82 0.603704 0.584314
169.07 100.531 0.579956 0.584314
170.75 99.7617 0.555445 0.584314
170.078 99.8945 0.530166 0.588235
166.547 101.809 0.489907 0.588235
161.004 104.699 0.489907 0.588235
154.145 108.23 0.489907 0.588235
146.816 112.129 0.489907 0.588235
139.559 115.859 0.489907 0.588235
133.203 119.254 0.530166 0.588235
128.531 121.875 0.555445 0.588235
126.18 123.59 0.555445 0.588235
126.18 123.961 0.579956 0.580392
129.035 123.289 0.603704 0.576471
134.648 121.105 0.603704 0.584314
142.281 117.609 0.626699 0.584314
151.055 113.508 0.603704 0.584314
159.559 109.609 0.603704 0.588235
166.379 106.516 0.579956 0.588235
170.449 104.668 0.579956 0.588235
170.883 105.035 0.555445 0.584314
167.219 107.121 0.489907 0.580392
154.953 113.574 0.489907 0.584314
147.559 117.406 0.489907 0.588235
140.094 121.473 0.5155 0.588235
133.406 125.004 0.5155 0.588235
126.719 128.934 0.555445 0.588235
133.035 126.719 0.579956 0.572549
141.305 123.289 0.603704 0.580392
151.422 118.75 0.603704 0.580392
161.945 113.977 0.603704 0.580392
171.457 109.676 0.603704 0.580392
178.312 106.383 0.579956 0.580392
182.379 104.668 0.555445 0.580392
181.574 105.07 0.530166 0.580392
177.168 107.223 0.489907 0.580392
171.121 110.047 0.489907 0.584314
163.859 113.473 0.489907 0.588235
156.23 117.371 0.489907 0.588235
148.668 121.371 0.489907 0.592157
141.977 124.969 0.489907 0.6
137.305 127.691 0.530166 0.6
135.156 129.34 0.555445 0.596078
135.391 129.34 0.555445 0.588235
139.055 128.332 0.579956 0.588235
153.203 121.539 0.579956 0.596078
161.676 117.371 0.579956 0.596078
169.27 113.539 0.579956 0.596078
174.516 110.816 0.579956 0.596078
177.336 109.609 0.555445 0.596078
177.438 109.609 0.530166 0.6
175.32 110.75 0.504114 0.6
170.785 113.203 0.504114 0.6
164.465 116.566 0.504114 0.6
157.035 120.5 0.504114 0.6
149.305 124.934 0.504114 0.6
141.844 129.371 0.504114 0.603922
135.625 133.035 0.530166 0.603922
131.691 135.656 0.555445 0.603922
130.551 136.668 0.540372 0.6
132.434 136.195 0.564523 0.588235
138.246 133.742 0.587958 0.596078
146.887 129.809 0.587958 0.6
157.07 124.836 0.603704 0.6
175.219 116.129 0.603704 0.6
180.16 113.676 0.579956 0.6
181.27 113.137 0.555445 0.6
177.168 115.121 0.530166 0.596078
170.852 118.312 0.504114 0.596078
162.449 122.48 0.504114 0.596078
142.953 132.633 0.504114 0.6
125.977 141.707 0.530166 0.6
121.207 144.398 0.540372 0.6
119.762 145.508 0.564523 0.596078
121.844 145.07 0.564523 0.584314
137.574 138.379 0.587958 0.588235
149.004 132.867 0.587958 0.592157
171.188 122.312 0.587958 0.592157
182.246 117.137 0.564523 0.592157
182.75 117.137 0.540372 0.592157
180.328 118.383 0.5155 0.592157
175.02 121.203 0.489907 0.592157
158.312 129.977 0.489907 0.592157
148.766 135.32 0.489907 0.596078
139.727 140.328 0.5155 0.596078
132.801 144.363 0.5155 0.596078
128.77 147.02 0.540372 0.596078
127.828 147.758 0.564523 0.592157
130.078 147.152 0.587958 0.584314
135.926 144.598 0.587958 0.592157
144.633 140.465 0.610682 0.592157
154.648 135.223 0.626699 0.596078
164.465 129.91 0.603704 0.596078
172.363 125.441 0.603704 0.596078
177.07 122.516 0.579956 0.596078
178.984 121.441 0.555445 0.596078
178.348 121.574 0.530166 0.6
174.852 123.59 0.5155 0.6
169.539 126.918 0.489907 0.596078
162.516 131.223 0.489907 0.6
154.617 136.195 0.489907 0.6
146.551 141.305 0.489907 0.603922
138.984 145.844 0.5155 0.603922
133.371 149.305 0.5155 0.603922
130.348 151.387 0.540372 0.603922
130.348 151.625 0.564523 0.6
133.676 150.211 0.587958 0.592157
140.801 147.02 0.603704 0.6
149.977 142.211 0.626699 0.6
160.16 136.902 0.603704 0.6
169.707 131.961 0.603704 0.6
176.598 127.859 0.603704 0.6
180.664 125.574 0.579956 0.6
181.539 125.004 0.540372 0.6
174.684 128.836 0.5155 0.6
167.387 133.004 0.489907 0.6
158.516 138.043 0.489907 0.6
148.867 143.555 0.476418 0.603922
131.961 153.473 0.5155 0.603922
125.508 158.414 0.540372 0.603922
126.918 158.379 0.603704 0.592157
131.926 156.262 0.620203 0.596078
139.859 152.465 0.620203 0.6
149.742 147.219 0.643456 0.6
160.195 141.473 0.620203 0.6
169.574 136.129 0.620203 0.6
176.16 132.094 0.596151 0.6
179.488 129.91 0.555445 0.6
179.488 129.844 0.555445 0.6
176.398 131.289 0.530166 0.6
170.516 134.648 0.489907 0.6
162.648 139.254 0.489907 0.603922
153.508 144.633 0.489907 0.603922
144.027 150.445 0.489907 0.607843
135.086 155.859 0.5155 0.607843
128.062 160.328 0.555445 0.607843
123.828 163.32 0.555445 0.607843
122.82 164.43 0.579956 0.603922
124.938 163.824 0.620203 0.596078
130.75 160.867 0.620203 0.603922
139.59 156.363 0.660998 0.603922
149.91 150.648 0.660998 0.603922
160.43 145.102 0.637502 0.603922
169.102 140.496 0.620203 0.607843
174.48 137.406 0.596151 0.603922
176.664 136.195 0.555445 0.607843
175.859 136.328 0.555445 0.611765
171.723 138.617 0.530166 0.611765
165.27 142.18 0.489907 0.611765
157.004 146.984 0.489907 0.615686
147.859 152.496 0.489907 0.619608
130.48 163.422 0.5155 0.619608
124.195 167.555 0.555445 0.619608
120.633 170.246 0.571288 0.619608
119.828 171.219 0.613159 0.619608
126.652 167.32 0.637502 0.607843
134.516 162.582 0.679368 0.619608
144.598 156.465 0.679368 0.619608
155.355 150.516 0.655648 0.619608
164.664 145.508 0.655648 0.615686
170.852 142.078 0.613159 0.615686
173.641 140.598 0.571288 0.615686
173.605 140.598 0.555445 0.615686
170.277 142.516 0.5155 0.611765
164.734 145.844 0.489907 0.615686
157.508 150.379 0.489907 0.615686
140.801 160.969 0.489907 0.619608
132.969 166.109 0.5155 0.623529
126.582 170.246 0.530166 0.623529
122.617 173.035 0.571288 0.623529
121.406 174.176 0.596151 0.623529
122.652 173.402 0.637502 0.611765
127.625 170.246 0.637502 0.619608
135.559 165.539 0.637502 0.619608
145.574 159.188 0.660998 0.619608
156.5 152.969 0.637502 0.619608
166.211 147.691 0.637502 0.619608
172.902 143.992 0.596151 0.619608
176.23 142.516 0.571288 0.619608
176.23 142.516 0.530166 0.615686
173.27 144.43 0.530166 0.615686
167.961 147.625 0.489907 0.615686
160.969 151.891 0.489907 0.619608
152.902 157.035 0.489907 0.619608
144.23 162.547 0.489907 0.623529
135.758 168.094 0.504114 0.623529
122.887 176.195 0.530166 0.623529
120.602 178.008 0.613159 0.623529
124.836 176.094 0.655648 0.615686
132.098 172.094 0.655648 0.619608
141.844 166.312 0.679368 0.619608
163.188 153.473 0.655648 0.615686
171.488 148.531 0.613159 0.615686
176.43 145.574 0.596151 0.615686
178.145 144.699 0.571288 0.615686
172.867 147.723 0.530166 0.615686
167.152 151.523 0.504114 0.615686
160.328 156.297 0.489907 0.619608
153.07 161.84 0.504114 0.619608
145.809 167.488 0.504114 0.619608
139.254 172.633 0.530166 0.623529
134.18 176.633 0.571288 0.623529
131.289 179.016 0.587953 0.623529
130.652 179.621 0.613159 0.619608
132.363 178.414 0.655648 0.615686
137.777 174.816 0.655648 0.619608
156.633 162.379 0.679368 0.619608
167.961 155.387 0.655648 0.619608
177.844 149.473 0.613159 0.615686
184.766 145.27 0.613159 0.611765
188.297 143.387 0.571288 0.611765
188.297 143.387 0.530166 0.611765
185.305 145.27 0.504114 0.611765
179.555 148.934 0.489907 0.615686
171.824 154.109 0.489907 0.619608
162.684 160.43 0.489907 0.623529
153.07 167.355 0.489907 0.623529
143.59 174.008 0.504114 0.627451
135.156 180.027 0.530166 0.627451
124.602 187.488 0.571288 0.631373
125.34 188.027 0.613159 0.627451
139.793 179.723 0.655648 0.627451
161.203 165.809 0.655648 0.627451
170.785 159.355 0.655648 0.623529
177.406 154.816 0.63103 0.623529
180.902 152.43 0.587953 0.623529
181.035 152.328 0.587953 0.623529
178.445 153.707 0.545604 0.623529
173.203 157.203 0.519094 0.623529
165.977 162.312 0.519094 0.623529
157.574 168.363 0.519094 0.623529
140.734 180.73 0.519094 0.627451
134.312 185.641 0.56187 0.627451
130.078 189.066 0.587953 0.627451
128.266 190.883 0.63103 0.627451
128.5 190.883 0.655648 0.623529
131.758 188.965 0.655648 0.623529
138.078 184.969 0.698614 0.627451
146.953 178.781 0.698614 0.627451
157.508 171.422 0.698614 0.623529
168.328 164.227 0.698614 0.623529
177.438 157.844 0.655648 0.619608
183.656 153.773 0.63103 0.615686
186.781 151.891 0.587953 0.615686
186.781 151.891 0.56187 0.611765
183.926 154.012 0.545604 0.611765
178.949 157.707 0.519094 0.615686
172.496 162.816 0.519094 0.619608
165.004 168.664 0.519094 0.623529
157.137 174.883 0.519094 0.623529
149.574 180.73 0.519094 0.623529
143.188 185.707 0.56187 0.623529
138.785 189.473 0.56187 0.623529
136.734 191.621 0.605494 0.623529
136.734 192.195 0.63103 0.619608
138.918 191.051 0.655648 0.615686
144.027 187.789 0.655648 0.619608
151.457 182.715 0.655648 0.615686
160.734 176.059 0.655648 0.615686
170.883 169.066 0.655648 0.611765
186.547 158.109 0.63103 0.611765
190.078 155.859 0.605494 0.607843
190.145 155.859 0.56187 0.607843
187.625 157.742 0.56187 0.611765
182.75 161.406 0.534902 0.611765
176.398 166.516 0.519094 0.615686
169.172 172.328 0.519094 0.619608
161.574 178.547 0.534902 0.619608
154.145 184.598 0.534902 0.619608
147.656 189.977 0.56187 0.623529
142.785 194.211 0.579022 0.623529
140.094 196.797 0.605494 0.623529
139.559 197.707 0.649821 0.619608
140.867 196.629 0.649821 0.615686
145.371 193.133 0.674693 0.619608
152.398 188.059 0.674693 0.619608
161.27 181.402 0.674693 0.615686
170.918 174.715 0.674693 0.615686
179.188 168.934 0.649821 0.615686
184.699 164.969 0.649821 0.615686
187.188 163.355 0.623972 0.615686
186.984 163.625 0.579022 0.615686
183.723 166.312 0.579022 0.615686
172.465 175.422 0.5516 0.619608
165.172 181.168 0.534902 0.623529
157.641 187.254 0.5516 0.623529
144.062 198.344 0.5516 0.627451
139.895 202.145 0.605494 0.631373
138.047 203.992 0.605494 0.631373
138.113 203.992 0.649821 0.627451
147.254 197.203 0.674693 0.627451
155.223 190.949 0.674693 0.627451
164.664 183.555 0.674693 0.627451
174.211 176.262 0.674693 0.627451
181.539 170.176 0.649821 0.627451
186.379 166.211 0.623972 0.623529
188.094 164.73 0.623972 0.623529
187.051 165.539 0.597123 0.631373
183.152 168.73 0.579022 0.631373
177.707 173.203 0.5516 0.635294
171.219 178.781 0.5516 0.639216
163.859 184.801 0.5516 0.639216
156.43 190.949 0.5516 0.639216
149.371 196.797 0.579022 0.643137
143.59 201.57 0.579022 0.643137
140.164 204.73 0.605494 0.643137
139.055 205.906 0.63103 0.643137
140.195 205.168 0.649821 0.635294
144.699 201.539 0.674693 0.639216
151.824 196.262 0.674693 0.639216
160.668 189.641 0.674693 0.639216
170.348 182.781 0.674693 0.635294
179.121 176.73 0.674693 0.639216
185.238 172.262 0.649821 0.635294
188.766 169.941 0.623972 0.635294
186.445 172.195 0.579022 0.643137
181.809 176.328 0.5516 0.643137
175.859 181.504 0.5516 0.647059
162.312 193.066 0.5516 0.647059
155.727 198.648 0.5516 0.65098
150.043 203.422 0.579022 0.65098
146.145 206.715 0.579022 0.65098
144.668 208.293 0.623972 0.65098
145.172 207.992 0.623972 0.647059
149.137 204.898 0.649821 0.65098
155.488 199.789 0.649821 0.647059
163.59 193.27 0.649821 0.647059
172.633 186.414 0.649821 0.643137
180.633 180.363 0.649821 0.643137
186.348 176.16 0.623972 0.639216
189.203 174.043 0.623972 0.643137
189.203 174.043 0.579022 0.643137
186.48 175.992 0.579022 0.647059
181.672 179.789 0.5516 0.647059
175.523 184.867 0.5516 0.647059
168.465 190.781 0.534902 0.647059
161.203 197.066 0.5516 0.647059
154.012 203.184 0.579022 0.65098
147.727 208.598 0.579022 0.65098
143.188 212.461 0.605494 0.65098
141.172 214.379 0.623972 0.65098
141.508 214.379 0.649821 0.647059
151.758 206.68 0.649821 0.647059
159.727 200.293 0.674693 0.647059
168.699 193.234 0.674693 0.643137
177.168 186.512 0.649821 0.643137
187.32 178.277 0.649821 0.643137
185.371 178.949 0.597123 0.643137
180.16 182.512 0.5516 0.65098
173.539 187.52 0.5516 0.65098
165.91 193.539 0.5516 0.65098
157.777 199.824 0.5516 0.654902
149.844 206.176 0.5516 0.654902
142.449 211.789 0.579022 0.654902
136.734 216.059 0.579022 0.654902
133.543 218.613 0.623972 0.654902
132.867 218.949 0.649821 0.654902
134.75 217.168 0.674693 0.65098
140.164 212.629 0.674693 0.647059
148.094 206.043 0.674693 0.647059
157.777 198.074 0.674693 0.643137
167.926 190.145 0.674693 0.643137
176.43 183.656 0.649821 0.639216
181.672 179.488 0.649821 0.635294
183.488 178.211 0.623972 0.635294
181.875 179.355 0.597123 0.643137
176.734 183.285 0.5516 0.643137
169.742 189 0.5516 0.647059
161.508 195.992 0.5516 0.647059
145.203 210.883 0.5516 0.65098
138.684 217.066 0.579022 0.65098
134.281 221.438 0.623972 0.65098
132.363 223.621 0.623972 0.65098
135.625 221.301 0.649821 0.647059
150.379 209.875 0.69469 0.65098
160.398 202.145 0.69469 0.65098
170.582 194.75 0.69469 0.65098
178.684 188.766 0.669589 0.647059
184.227 184.969 0.669589 0.647059
186.648 183.59 0.623972 0.647059
186.109 184.363 0.597123 0.647059
182.445 187.488 0.569258 0.65098
177.203 192.262 0.5516 0.65098
170.918 198.176 0.5516 0.65098
163.961 204.562 0.5516 0.654902
157.172 210.949 0.5516 0.654902
146.145 220.863 0.5516 0.658824
143.559 223.285 0.597123 0.658824
143.254 223.656 0.623972 0.654902
145.105 222.109 0.643449 0.654902
150.18 217.84 0.669589 0.654902
157.172 211.688 0.669589 0.654902
165.773 203.855 0.669589 0.654902
175.051 195.688 0.669589 0.654902
182.949 188.562 0.643449 0.65098
188.664 183.523 0.643449 0.647059
191.422 181.27 0.597123 0.647059
191.051 181.305 0.597123 0.65098
187.219 184.293 0.569258 0.65098
181.137 189.066 0.5516 0.654902
173.605 195.387 0.5516 0.654902
165.07 202.648 0.5516 0.654902
148.43 217.031 0.5516 0.654902
141.707 222.746 0.579022 0.658824
135.625 228.395 0.597123 0.654902
135.828 228.191 0.669589 0.654902
139.223 225.031 0.69469 0.65098
145.473 219.754 0.715695 0.65098
154.18 212.527 0.715695 0.65098
164.43 204.023 0.715695 0.65098
174.547 196.094 0.715695 0.65098
182.348 189.707 0.669589 0.647059
186.852 185.84 0.643449 0.643137
187.961 184.934 0.597123 0.647059
186.008 186.277 0.597123 0.65098
181.203 190.242 0.569258 0.65098
174.648 195.891 0.5516 0.654902
166.984 202.781 0.5516 0.654902
158.984 210.176 0.5516 0.658824
151.152 217.168 0.5516 0.658824
144.43 223.184 0.569258 0.658824
139.66 227.316 0.597123 0.658824
137.406 229.336 0.623972 0.658824
137.406 229.367 0.669589 0.658824
139.559 227.184 0.669589 0.658824
144.867 222.645 0.690396 0.658824
152.297 216.461 0.715695 0.658824
161.34 209.035 0.715695 0.658824
170.582 201.941 0.690396 0.658824
178.043 196.227 0.669589 0.658824
182.684 192.598 0.643449 0.654902
184.16 191.453 0.597123 0.654902
182.852 192.797 0.597123 0.658824
178.414 196.766 0.569258 0.658824
172.398 202.48 0.5516 0.662745
165.27 209.469 0.5516 0.662745
157.91 216.664 0.5516 0.662745
151.121 223.352 0.569258 0.662745
145.539 228.527 0.569258 0.662745
142.348 231.754 0.597123 0.662745
141.641 232.664 0.643449 0.662745
143.188 231.418 0.669589 0.658824
148.164 227.52 0.690396 0.662745
163.488 214.477 0.690396 0.662745
179.59 200.629 0.690396 0.662745
184.496 196.293 0.643449 0.662745
186.211 194.648 0.616243 0.662745
182.75 197.539 0.569258 0.666667
177.773 202.043 0.569258 0.666667
171.758 207.723 0.5516 0.670588
165.172 213.941 0.5516 0.666667
158.582 220.191 0.5516 0.670588
152.398 225.703 0.569258 0.670588
147.457 229.906 0.597123 0.670588
144.734 232.16 0.616243 0.670588
147.289 229.738 0.643449 0.670588
153.371 224.797 0.690396 0.67451
161.34 218.141 0.690396 0.670588
170.277 210.344 0.690396 0.670588
185.605 196.531 0.690396 0.666667
189.707 192.461 0.643449 0.662745
190.816 191.086 0.616243 0.662745
189.168 191.992 0.569258 0.670588
184.531 195.723 0.569258 0.670588
178.145 201.168 0.569258 0.670588
170.816 207.926 0.5516 0.670588
163.188 215.387 0.5516 0.670588
156.027 222.578 0.569258 0.67451
149.977 228.832 0.569258 0.67451
145.508 233.301 0.597123 0.67451
143.254 235.652 0.616243 0.670588
143.223 235.754 0.663994 0.670588
145.34 233.738 0.690396 0.67451
158.547 222.578 0.712307 0.67451
167.926 215.082 0.712307 0.67451
177.438 207.789 0.712307 0.670588
185.27 202.043 0.663994 0.670588
190.277 198.312 0.663994 0.666667
192.363 197.102 0.616243 0.666667
191.891 198.145 0.569258 0.666667
188.531 201.57 0.569258 0.670588
183.691 206.715 0.523222 0.67451
170.852 219.52 0.523222 0.67451
163.992 226.242 0.540362 0.678431
157.438 232.496 0.540362 0.682353
152.062 237.469 0.587946 0.686275
148.801 240.562 0.587946 0.686275
148.195 241.234 0.636453 0.686275
150.281 239.387 0.636453 0.686275
155.859 234.781 0.685676 0.686275
163.656 228.328 0.685676 0.686275
172.531 220.965 0.685676 0.686275
181.07 214.074 0.685676 0.682353
187.453 208.73 0.636453 0.682353
191.086 205.707 0.636453 0.682353
191.621 205.133 0.587946 0.686275
189.504 206.781 0.587946 0.694118
184.832 210.781 0.540362 0.698039
178.613 216.059 0.540362 0.698039
171.859 222.211 0.540362 0.701961
165.172 228.359 0.540362 0.705882
154.043 239.453 0.540362 0.709804
150.312 243.117 0.587946 0.72549
148.531 245.133 0.636453 0.729412
148.531 245.168 0.657833 0.733333
150.852 243.453 0.657833 0.733333
155.859 239.418 0.708573 0.741176
162.617 234.141 0.708573 0.741176
170.312 228.227 0.708573 0.741176
177.504 222.949 0.708573 0.741176
185.539 217.27 0.657833 0.741176
185.91 217.27 0.607745 0.745098
184.227 218.984 0.607745 0.752941
180.395 222.613 0.558541 0.760784
175.219 227.52 0.558541 0.764706
169.137 233.066 0.558541 0.768627
162.816 238.746 0.558541 0.772549
156.867 244.09 0.577842 0.780392
151.926 248.461 0.577842 0.784314
148.566 251.988 0.607745 0.784314
150.48 250.746 0.657833 0.780392
155.656 246.578 0.680465 0.788235
163.152 240.73 0.708573 0.788235
171.992 233.535 0.708573 0.788235
180.902 226.512 0.680465 0.792157
188.227 220.863 0.657833 0.792157
192.801 217.031 0.657833 0.796078
194.613 215.453 0.607745 0.796078
190.816 217.906 0.587946 0.8
185.941 221.637 0.540362 0.803922
179.992 226.445 0.540362 0.803922
173.473 232.023 0.540362 0.807843
166.785 237.672 0.540362 0.807843
160.465 243.25 0.558541 0.807843
154.852 248.09 0.558541 0.807843
150.953 251.352 0.577842 0.807843
149.508 253.066 0.607745 0.807843
153.574 250.176 0.628738 0.803922
159.488 245.535 0.680465 0.807843
166.617 239.555 0.680465 0.803922
174.379 233.234 0.680465 0.803922
181.07 227.754 0.680465 0.803922
185.473 224.059 0.657833 0.803922
187.355 222.211 0.628738 0.803922
186.816 222.379 0.577842 0.807843
183.254 224.965 0.577842 0.803922
170.984 234.949 0.577842 0.803922
163.289 241.168 0.558541 0.803922
155.727 247.484 0.558541 0.8
148.699 253.434 0.577842 0.803922
140.027 260.996 0.607745 0.8
142.18 260.258 0.657833 0.8
148.398 255.922 0.685676 0.792157
156.734 249.84 0.685676 0.792157
166.281 242.375 0.685676 0.792157
175.723 235.117 0.685676 0.792157
183.117 229.234 0.657833 0.792157
187.824 225.367 0.657833 0.792157
187.723 225.066 0.607745 0.792157
183.152 228.562 0.577842 0.792157
176.832 233.805 0.558541 0.792157
169.539 239.988 0.558541 0.792157
161.945 246.543 0.558541 0.792157
154.715 252.93 0.577842 0.792157
148.363 258.41 0.577842 0.792157
143.691 262.375 0.577842 0.792157
141.574 264.562 0.628738 0.792157
145.742 261.57 0.657833 0.788235
152.668 256.66 0.685676 0.788235
161.305 249.672 0.685676 0.788235
170.852 241.941 0.685676 0.784314
179.691 234.812 0.685676 0.784314
186.008 229.199 0.657833 0.780392
189.672 226.074 0.628738 0.780392
190.246 225.438 0.628738 0.780392
188.363 226.715 0.577842 0.784314
178.379 235.219 0.546727 0.780392
171.961 241.301 0.528014 0.780392
165.203 247.789 0.528014 0.784314
158.648 254.441 0.546727 0.780392
152.531 260.426 0.577842 0.780392
147.523 265.301 0.577842 0.780392
144.633 268.223 0.628738 0.780392
143.961 268.863 0.628738 0.780392
145.777 266.914 0.657833 0.780392
158.48 255.285 0.680465 0.780392
167.355 246.848 0.708573 0.776471
176.531 238.477 0.680465 0.772549
184.094 231.453 0.680465 0.768627
189.102 226.512 0.657833 0.768627
191.387 224.426 0.628738 0.768627
190.984 224.664 0.577842 0.772549
187.961 227.555 0.577842 0.768627
183.289 232.059 0.577842 0.768627
171.656 243.855 0.558541 0.768627
165.539 249.938 0.558541 0.768627
159.895 255.652 0.577842 0.772549
154.887 260.461 0.577842 0.772549
151.59 263.82 0.577842 0.772549
150.516 265.301 0.628738 0.772549
151.488 264.594 0.628738 0.768627
155.793 260.863 0.628738 0.772549
162.816 255.148 0.680465 0.772549
181.742 239.586 0.680465 0.768627
190.816 232.832 0.651018 0.764706
197 227.992 0.628738 0.760784
199.926 225.84 0.628738 0.760784
199.926 226.008 0.598358 0.764706
196.832 228.664 0.577842 0.764706
191.691 233.133 0.577842 0.764706
185.137 238.914 0.577842 0.764706
177.773 245.637 0.558541 0.764706
162.816 259.621 0.577842 0.764706
156.332 265.871 0.577842 0.764706
151.559 270.273 0.598358 0.768627
149.473 272.727 0.628738 0.764706
149.844 272.492 0.628738 0.764706
153.945 268.828 0.628738 0.764706
161.035 262.98 0.657833 0.764706
169.641 255.285 0.657833 0.760784
178.852 247.047 0.657833 0.760784
192.465 234.445 0.657833 0.756863
195.152 231.723 0.628738 0.752941
195.152 231.723 0.628738 0.752941
192.129 234.141 0.598358 0.74902
186.949 238.68 0.577842 0.74902
180.395 244.594 0.577842 0.74902
173.07 251.383 0.577842 0.752941
165.742 258.207 0.577842 0.752941
158.953 264.762 0.577842 0.756863
148.801 274.309 0.598358 0.756863
147.02 276.223 0.628738 0.760784
147.289 276.223 0.628738 0.756863
150.852 273.301 0.628738 0.760784
165.203 261.703 0.657833 0.760784
174.379 253.504 0.657833 0.74902
183.457 245.805 0.657833 0.741176
190.445 239.688 0.628738 0.737255
194.715 236.125 0.628738 0.733333
195.789 235.82 0.598358 0.729412
193.941 237.84 0.598358 0.729412
183.117 247.922 0.577842 0.733333
168.262 262.039 0.577842 0.737255
160.668 269.469 0.577842 0.74902
153.676 276.492 0.577842 0.74902
147.793 282.105 0.577842 0.752941
144.164 285.836 0.607745 0.756863
143.121 287.449 0.628738 0.756863
144.734 286.578 0.657833 0.752941
150.043 282.844 0.657833 0.752941
157.777 276.797 0.685676 0.752941
167.086 268.965 0.685676 0.74902
177.07 260.594 0.657833 0.745098
192.867 247.789 0.657833 0.741176
196.766 245.031 0.607745 0.737255
197.336 245.031 0.607745 0.733333
195.387 247.25 0.558541 0.733333
191.152 251.52 0.558541 0.733333
185.672 257.031 0.558541 0.737255
179.488 263.418 0.540362 0.737255
166.816 276.324 0.540362 0.745098
161.34 282.074 0.558541 0.756863
157.102 286.375 0.558541 0.756863
155.02 289.031 0.577842 0.756863
155.02 289.77 0.577842 0.756863
157.34 288.527 0.628738 0.752941
162.547 284.66 0.628738 0.752941
169.574 278.645 0.628738 0.752941
177.875 270.945 0.628738 0.745098
193.773 255.652 0.628738 0.741176
198.445 251.25 0.577842 0.733333
200.027 249.84 0.577842 0.733333
198.848 251.285 0.558541 0.733333
194.582 255.184 0.558541 0.733333
188.73 260.73 0.558541 0.737255
181.875 267.418 0.540362 0.737255
174.715 274.645 0.540362 0.741176
167.691 281.703 0.540362 0.741176
155.559 293.566 0.558541 0.745098
151.758 297.062 0.558541 0.752941
150.414 298.645 0.607745 0.752941
150.918 298.141 0.607745 0.752941
160.836 289.098 0.628738 0.752941
168.496 281.367 0.657833 0.74902
177.238 272.09 0.657833 0.745098
185.605 263.316 0.657833 0.737255
191.859 256.395 0.628738 0.733333
195.488 252.492 0.607745 0.733333
196.027 252.125 0.587946 0.733333
193.91 254.309 0.558541 0.737255
189.168 258.879 0.558541 0.737255
183.051 265.164 0.540362 0.737255
176.16 272.594 0.540362 0.737255
169 280.359 0.540362 0.737255
161.945 287.922 0.558541 0.741176
155.355 294.578 0.587946 0.745098
150.078 299.719 0.587946 0.74902
146.852 302.711 0.607745 0.752941
146.281 303.516 0.657833 0.752941
153.609 297.566 0.657833 0.752941
161.27 291.281 0.708573 0.74902
170.246 283.352 0.708573 0.741176
179.523 274.879 0.680465 0.737255
187.523 267.551 0.680465 0.737255
193 262.441 0.628738 0.733333
195.691 260.191 0.607745 0.737255
195.691 260.762 0.558541 0.733333
192.801 264.324 0.558541 0.737255
182.781 276.191 0.558541 0.737255
176.801 283.316 0.540362 0.737255
170.852 290.273 0.558541 0.741176
165.27 296.66 0.558541 0.741176
160.5 301.637 0.558541 0.74902
157.508 304.793 0.577842 0.752941
156.766 305.836 0.598358 0.752941
158.113 304.625 0.651018 0.752941
162.816 300.457 0.651018 0.752941
177.539 287.352 0.674681 0.74902
185.84 279.688 0.651018 0.741176
192.934 273.098 0.651018 0.741176
197.707 268.324 0.628738 0.737255
199.723 266.41 0.598358 0.737255
198.883 267.316 0.577842 0.737255
189.07 276.93 0.558541 0.737255
182.145 283.652 0.540362 0.745098
174.883 290.945 0.540362 0.745098
167.691 298.141 0.558541 0.74902
161.004 304.961 0.558541 0.752941
155.422 310.574 0.577842 0.752941
151.691 313.938 0.598358 0.760784
150.75 314.91 0.651018 0.756863
152.633 313.062 0.674681 0.752941
165.844 301.602 0.699833 0.74902
174.785 293.566 0.729843 0.737255
183.691 285.434 0.729843 0.737255
191.355 278.309 0.674681 0.733333
196.867 273.266 0.651018 0.733333
199.523 271.047 0.628738 0.729412
199.523 271.551 0.577842 0.72549
196.395 275.047 0.558541 0.729412
191.453 280.293 0.558541 0.733333
178.516 293.668 0.558541 0.737255
171.723 300.527 0.558541 0.741176
165.371 307.047 0.558541 0.745098
160.062 312.055 0.577842 0.74902
157.004 315.148 0.598358 0.756863
156.465 316.121 0.620188 0.752941
158.582 314.574 0.674681 0.752941
164.328 310.309 0.699833 0.752941
172.195 304.594 0.699833 0.745098
191.152 290.34 0.699833 0.737255
199.523 284.359 0.674681 0.733333
205.371 280.156 0.651018 0.729412
207.992 278.609 0.598358 0.729412
207.352 279.652 0.577842 0.72549
203.254 283.52 0.558541 0.733333
197.168 289.031 0.558541 0.737255
189.91 295.684 0.540362 0.745098
182.18 303.113 0.558541 0.745098
167.355 317.836 0.558541 0.74902
161.34 324.156 0.598358 0.756863
157.371 328.559 0.620188 0.752941
156.094 330.977 0.674681 0.752941
157.27 330.91 0.699833 0.74902
162.145 327.617 0.699833 0.745098
169.34 322.039 0.756777 0.737255
177.91 314.406 0.756777 0.733333
187.254 305.871 0.756777 0.72549
202.715 291.148 0.699833 0.72549
206.816 287.484 0.674681 0.721569
207.523 287.215 0.620188 0.721569
200.293 295.113 0.598358 0.72549
193.809 302.07 0.577842 0.733333
186.613 309.602 0.558541 0.737255
179.387 316.961 0.577842 0.737255
172.734 323.82 0.577842 0.745098
163.254 333.633 0.598358 0.745098
161.707 335.551 0.643439 0.745098
162.547 335.281 0.668226 0.741176
166.918 331.75 0.699833 0.741176
174.078 326.172 0.726582 0.737255
183.254 318.543 0.726582 0.729412
193.371 309.902 0.756777 0.72549
203.188 301.836 0.699833 0.709804
210.918 295.516 0.699833 0.705882
216.664 292.121 0.643439 0.705882
214.41 294.508 0.566666 0.709804
209.27 299.418 0.546727 0.713726
195.02 312.828 0.546727 0.721569
187.387 319.922 0.546727 0.737255
180.297 326.609 0.546727 0.737255
174.043 332.59 0.566666 0.741176
169.34 337.363 0.620188 0.741176
166.918 340.289 0.643439 0.741176
166.883 340.828 0.668226 0.741176
169.438 338.977 0.699833 0.741176
184.059 327.551 0.699833 0.737255
203.285 310.375 0.699833 0.721569
211.184 302.676 0.699833 0.709804
216.598 297.133 0.643439 0.709804
218.883 295.082 0.620188 0.705882
218.008 296.121 0.598358 0.709804
213.738 300.359 0.566666 0.717647
207.59 306.406 0.546727 0.721569
200.328 313.297 0.546727 0.72549
192.801 320.594 0.546727 0.737255
178.613 334.273 0.546727 0.737255
172.867 339.82 0.620188 0.741176
169.035 343.516 0.643439 0.745098
167.488 345.195 0.643439 0.745098
168.027 344.727 0.699833 0.74902
177.941 335.82 0.699833 0.745098
185.84 328.625 0.699833 0.729412
194.414 320.523 0.699833 0.721569
207.926 308.121 0.699833 0.713726
210.414 305.836 0.668226 0.709804
210.008 306.742 0.643439 0.709804
206.312 310.777 0.643439 0.721569
200.801 316.324 0.643439 0.72549
194.379 322.879 0.620188 0.733333
187.555 329.332 0.620188 0.733333
180.969 335.582 0.620188 0.733333
174.883 341.363 0.643439 0.741176
166.582 349.465 0.643439 0.745098
165.707 350.371 0.699833 0.74902
167.625 348.926 0.699833 0.74902
173.574 344.121 0.699833 0.74902
182.516 337.531 0.699833 0.745098
204.461 321.297 0.729843 0.737255
214.109 314.105 0.699833 0.72549
220.934 308.895 0.699833 0.72549
224.125 307.215 0.643439 0.717647
220.496 310.812 0.61066 0.729412
214.918 316.09 0.55424 0.733333
208.125 322.375 0.55424 0.745098
200.801 329.164 0.55424 0.752941
193.137 336.02 0.55424 0.756863
185.773 342.711 0.587938 0.760784
179.254 348.457 0.587938 0.760784
174.816 352.32 0.643439 0.764706
174.715 352.859 0.643439 0.764706
180.43 348.793 0.674681 0.752941
188.867 342.473 0.674681 0.745098
209.438 325.398 0.704437 0.733333
218.68 316.961 0.674681 0.713726
225.402 310.676 0.643439 0.701961
228.965 307.18 0.643439 0.705882
228.965 307.18 0.61066 0.705882
220.125 315.414 0.55424 0.713726
213.066 322.207 0.55424 0.72549
205.336 329.566 0.533642 0.729412
190.379 343.816 0.533642 0.733333
184.328 349.633 0.587938 0.741176
180.094 353.699 0.620188 0.745098
179.02 355.281 0.674681 0.745098
191.02 345.262 0.674681 0.741176
200.867 337.098 0.704437 0.72549
211.789 328.559 0.674681 0.713726
221.773 321.027 0.674681 0.705882
228.766 315.449 0.674681 0.701961
232.43 312.93 0.643439 0.701961
232.43 312.93 0.61066 0.694118
229.402 316.02 0.576307 0.709804
223.957 321.129 0.55424 0.709804
209.641 334.305 0.55424 0.713726
201.875 340.996 0.55424 0.72549
194.48 347.215 0.55424 0.737255
187.926 352.391 0.587938 0.741176
183.355 355.953 0.643439 0.745098
181.336 357.566 0.643439 0.74902
181.875 357.195 0.674681 0.74902
186.246 353.867 0.674681 0.745098
193.672 348.457 0.704437 0.737255
214.176 332.188 0.704437 0.721569
224.293 323.887 0.674681 0.698039
231.957 317.5 0.674681 0.694118
236.125 314.238 0.643439 0.690196
236.496 314.238 0.61066 0.694118
233.605 317.668 0.61066 0.698039
227.891 323.348 0.55424 0.705882
220.766 330.543 0.55424 0.709804
213 338.375 0.55424 0.713726
197.941 352.727 0.55424 0.717647
191.691 358.102 0.61066 0.729412
187.523 361.332 0.643439 0.733333
186.109 362.676 0.674681 0.733333
187.355 362.035 0.699833 0.733333
192.297 358.406 0.699833 0.729412
199.789 353.129 0.729843 0.721569
218.578 338.273 0.729843 0.709804
227.422 331.012 0.699833 0.694118
234.242 325.195 0.699833 0.690196
238.984 321.266 0.668226 0.690196
237.199 323.012 0.61066 0.701961
232.664 327.113 0.576307 0.709804
220.023 339.414 0.55424 0.713726
212.73 346.137 0.55424 0.72549
198.75 358.508 0.55424 0.733333
193.539 362.676 0.643439 0.741176
190.781 364.859 0.643439 0.741176
194.949 362.004 0.674681 0.741176
212.195 350.172 0.729843 0.733333
222.578 342.574 0.729843 0.717647
232.395 335.551 0.729843 0.713726
240.023 330.137 0.699833 0.709804
244.664 327.18 0.668226 0.705882
246.043 326.98 0.643439 0.701961
244.395 328.895 0.61066 0.705882
233.066 338.879 0.576307 0.709804
217.539 351.887 0.55424 0.72549
209.57 358.137 0.55424 0.741176
202.344 364.055 0.587938 0.745098
192.562 372.387 0.643439 0.74902
191.555 373.566 0.699833 0.74902
193.504 372.32 0.729843 0.737255
208.43 362.035 0.756777 0.733333
228.73 346.473 0.756777 0.709804
237.168 339.246 0.726582 0.698039
243.016 333.902 0.699833 0.694118
245.738 331.215 0.643439 0.694118
245.672 331.348 0.61066 0.698039
242.242 334.441 0.55424 0.705882
