223.57 83.3984 0.23778 0.00392157
223 83 0.23778 0.0273442
223 83 0.23778 0.0429999
223 83 0.23778 0.0703746
223 83 0.23778 0.0918593
223 83 0.23778 0.109468
223 83 0.23778 0.127047
223 83 0.23778 0.146609
223 83 0.23778 0.164218
223 83 0.23778 0.180819
223 83 0.23778 0.200381
223 83 0.23778 0.218936
223 83 0.23778 0.232639
223 83 0.23778 0.242405
223 83 0.23778 0.249241
223 83 0.23778 0.2551
223 83 0.23778 0.258061
223 83 0.23778 0.261967
223 83 0.23778 0.267826
223 83 0.266197 0.277592
223 83 0.266197 0.283452
223 83 0.266197 0.289311
223 83 0.266197 0.293248
223 83 0.266197 0.297154
223 83 0.266197 0.30106
222.527 84.2383 0.266197 0.301961
221.855 84.2383 0.266197 0.309804
221.254 84.2383 0.23778 0.317647
221.016 84.2383 0.23778 0.321569
220.848 84.2383 0.23778 0.32549
220.613 84.2383 0.23778 0.329412
220.312 84.2383 0.23778 0.329412
220.109 84.2383 0.23778 0.333333
219.605 84.2383 0.23778 0.337255
219.035 84.2383 0.23778 0.341176
218.73 84.2383 0.23778 0.345098
218.461 84.2383 0.23778 0.34902
218.094 84.2383 0.266197 0.352941
217.453 84.2383 0.266197 0.356863
217.117 84.2383 0.266197 0.360784
216.746 84.2383 0.266197 0.364706
216.277 84.2383 0.266197 0.368627
215.371 84.2031 0.266197 0.372549
214.898 84.1367 0.266197 0.376471
214.43 84.1367 0.266197 0.380392
213.891 84.1016 0.266197 0.380392
213.285 84.0352 0.266197 0.384314
212.613 84.0039 0.266197 0.388235
211.906 83.9023 0.266197 0.388235
211.234 83.9023 0.266197 0.388235
210.531 83.9023 0.266197 0.392157
209.891 83.9023 0.266197 0.396078
209.285 83.9023 0.266197 0.396078
208.582 83.9023 0.266197 0.4
207.906 83.9023 0.266197 0.4
207.27 83.9023 0.266197 0.403922
206.629 83.9023 0.266197 0.403922
206.094 83.9023 0.266197 0.407843
205.52 83.9023 0.266197 0.411765
204.984 83.9023 0.266197 0.411765
204.379 83.9023 0.266197 0.415686
202.898 83.9023 0.266197 0.415686
201.992 83.9023 0.266197 0.423529
200.984 83.9023 0.266197 0.431373
200.043 83.9023 0.266197 0.431373
198.16 83.9023 0.266197 0.435294
197.32 83.9023 0.266197 0.439216
195.977 83.9023 0.266197 0.443137
194.832 83.9023 0.29418 0.447059
194.195 83.9023 0.29418 0.45098
193.285 83.9023 0.29418 0.45098
192.344 83.9336 0.29418 0.45098
189.926 84.1016 0.29418 0.45098
188.648 84.3047 0.321697 0.454902
185.992 84.5742 0.321697 0.458824
183.707 84.8086 0.348719 0.462745
182.664 84.9453 0.37522 0.466667
181.488 85.0781 0.37522 0.466667
180.18 85.2812 0.37522 0.470588
177.625 85.7852 0.37522 0.470588
176.379 86.0195 0.401179 0.478431
175.203 86.2227 0.401179 0.478431
174.059 86.5234 0.401179 0.478431
172.918 86.8945 0.401179 0.482353
171.707 87.1953 0.401179 0.482353
170.496 87.6328 0.426578 0.482353
169.219 88.0352 0.426578 0.486275
167.941 88.4375 0.426578 0.490196
165.488 89.2812 0.426578 0.494118
164.414 89.7148 0.426578 0.501961
163.305 90.1211 0.426578 0.501961
162.23 90.5234 0.426578 0.501961
161.219 90.8945 0.426578 0.505882
160.043 91.2969 0.451405 0.505882
158.934 91.7656 0.451405 0.505882
157.793 92.3047 0.451405 0.509804
156.648 92.8086 0.451405 0.509804
155.508 93.3477 0.451405 0.513726
154.363 93.8828 0.451405 0.513726
153.289 94.457 0.426578 0.513726
152.246 95.0273 0.426578 0.513726
151.102 95.6641 0.426578 0.517647
149.961 96.3711 0.426578 0.517647
148.75 97.0781 0.426578 0.517647
147.574 97.7852 0.426578 0.521569
146.43 98.4883 0.426578 0.521569
145.289 99.1953 0.438287 0.521569
144.145 100 0.438287 0.52549
143.07 100.875 0.438287 0.52549
141.996 101.715 0.438287 0.52549
140.984 102.691 0.438287 0.52549
139.875 103.664 0.438287 0.529412
138.734 104.707 0.438287 0.529412
137.559 105.918 0.438287 0.529412
136.348 107.129 0.45061 0.529412
133.793 109.781 0.45061 0.529412
131.473 112.035 0.45061 0.533333
130.398 112.977 0.463596 0.533333
129.457 114.051 0.489907 0.533333
128.516 115.195 0.489907 0.533333
127.574 116.305 0.504114 0.537255
126.633 117.582 0.504114 0.537255
125.523 118.891 0.504114 0.537255
123.238 121.852 0.504114 0.537255
121.02 124.438 0.545604 0.537255
120.012 125.512 0.545604 0.541176
119.039 126.523 0.571288 0.541176
118.23 127.598 0.571288 0.545098
117.391 128.539 0.555445 0.545098
116.684 129.582 0.555445 0.545098
115.945 130.691 0.555445 0.545098
115.137 131.832 0.555445 0.545098
114.297 133.211 0.555445 0.54902
113.258 134.621 0.555445 0.54902
112.215 136.102 0.555445 0.54902
111.273 137.613 0.579956 0.54902
110.398 138.957 0.579956 0.54902
109.727 140.234 0.579956 0.54902
109.156 141.344 0.579956 0.54902
108.684 142.555 0.603704 0.54902
108.316 143.898 0.603704 0.54902
107.91 145.344 0.603704 0.552941
107.441 147.094 0.603704 0.552941
106.77 148.977 0.620203 0.556863
105.996 151.059 0.620203 0.556863
105.223 153.145 0.620203 0.560784
104.449 155.125 0.643456 0.560784
103.879 156.973 0.643456 0.560784
103.508 158.555 0.643456 0.560784
103.207 161.48 0.643456 0.564706
102.902 164.133 0.643456 0.564706
102.602 167.023 0.643456 0.568627
102.398 168.738 0.665926 0.568627
102.031 170.52 0.665926 0.568627
101.594 172.535 0.683666 0.568627
100.785 176.57 0.683666 0.568627
100.617 178.555 0.702213 0.568627
100.551 181.914 0.702213 0.568627
100.719 184.973 0.721611 0.568627
101.09 186.586 0.741903 0.568627
101.559 188.367 0.741903 0.568627
102.031 190.285 0.741903 0.568627
102.969 194.652 0.763135 0.568627
103.309 196.906 0.763135 0.572549
103.645 199.09 0.763135 0.572549
103.812 201.008 0.763135 0.572549
104.348 204.535 0.763135 0.572549
104.684 206.184 0.763135 0.572549
105.02 207.965 0.763135 0.576471
105.391 209.711 0.763135 0.572549
105.961 211.66 0.739929 0.576471
106.5 213.645 0.739929 0.576471
107.172 215.73 0.739929 0.576471
107.812 217.945 0.739929 0.576471
108.449 220.066 0.739929 0.576471
109.223 222.113 0.739929 0.576471
110.062 224.066 0.739929 0.576471
110.969 225.848 0.739929 0.576471
111.945 227.594 0.739929 0.580392
112.852 229.242 0.739929 0.580392
113.828 230.922 0.739929 0.580392
114.801 232.668 0.739929 0.580392
115.777 234.418 0.739929 0.584314
116.852 236.23 0.7621 0.584314
117.93 237.945 0.737766 0.584314
119.004 239.695 0.737766 0.584314
121.254 242.887 0.737766 0.584314
123.508 245.98 0.760964 0.588235
125.895 249.039 0.760964 0.588235
127.137 250.586 0.785349 0.588235
129.859 254.012 0.785349 0.592157
131.273 255.793 0.785349 0.592157
132.75 257.609 0.810985 0.592157
134.164 259.426 0.810985 0.592157
137.223 262.922 0.810985 0.596078
140.383 265.645 0.837933 0.6
141.961 266.754 0.866254 0.6
143.609 267.828 0.866254 0.6
145.32 269.07 0.896008 0.6
147.035 270.348 0.896008 0.6
148.852 271.762 0.896008 0.6
150.668 273.172 0.896008 0.6
152.547 274.551 0.896008 0.603922
154.531 275.895 0.896008 0.603922
158.598 278.18 0.919675 0.603922
160.684 279.223 0.919675 0.607843
162.633 280.129 0.950503 0.607843
164.547 281.039 0.950503 0.611765
166.328 281.844 0.950503 0.611765
168.078 282.75 0.950503 0.611765
169.859 283.691 0.950503 0.611765
171.641 284.566 0.950503 0.611765
173.488 285.543 0.950503 0.611765
175.504 286.383 0.950503 0.611765
177.523 287.188 0.927248 0.611765
179.84 287.961 0.927248 0.611765
182.195 288.602 0.927248 0.611765
184.613 289.273 0.902457 0.615686
187.137 290.012 0.902457 0.611765
189.453 290.648 0.902457 0.615686
191.809 291.355 0.902457 0.615686
196.344 292.434 0.876005 0.615686
201.086 293.238 0.876005 0.615686
203.473 293.473 0.876005 0.615686
205.824 293.641 0.876005 0.615686
208.109 293.676 0.876005 0.615686
210.363 293.676 0.876005 0.615686
212.512 293.676 0.876005 0.619608
214.73 293.641 0.876005 0.619608
216.918 293.406 0.876005 0.619608
219.102 293.172 0.876005 0.619608
223.402 292.531 0.876005 0.623529
225.52 292.23 0.876005 0.623529
227.672 291.859 0.876005 0.623529
229.855 291.391 0.876005 0.623529
232.074 290.988 0.876005 0.623529
234.262 290.383 0.876005 0.623529
236.41 289.777 0.876005 0.623529
238.562 289.172 0.876005 0.627451
240.645 288.434 0.84776 0.627451
242.766 287.727 0.84776 0.627451
244.848 286.887 0.84776 0.627451
246.863 286.012 0.84776 0.631373
248.949 285.207 0.817584 0.631373
250.965 284.297 0.817584 0.631373
252.98 283.492 0.817584 0.631373
254.93 282.719 0.785333 0.635294
256.711 281.879 0.785333 0.635294
258.328 281.039 0.753086 0.635294
259.738 280.027 0.718761 0.639216
261.082 279.055 0.718761 0.647059
262.359 278.047 0.718761 0.65098
263.602 276.902 0.718761 0.654902
266.293 274.484 0.718761 0.654902
267.637 273.305 0.718761 0.658824
269.047 272.195 0.718761 0.658824
270.395 271.055 0.718761 0.662745
271.703 269.945 0.718761 0.662745
272.949 268.703 0.718761 0.662745
275.266 266.148 0.718761 0.666667
276.344 264.668 0.652774 0.670588
277.453 263.223 0.652774 0.670588
278.594 261.711 0.652774 0.670588
279.703 260.129 0.652774 0.666667
280.848 258.617 0.652774 0.670588
281.922 257.039 0.652774 0.67451
283.031 255.492 0.652774 0.67451
284.207 253.945 0.587927 0.67451
285.352 252.199 0.587927 0.67451
286.492 250.551 0.587927 0.67451
287.5 248.77 0.563243 0.67451
288.543 246.988 0.563243 0.67451
289.449 245.34 0.563243 0.678431
290.293 243.66 0.540348 0.678431
291.133 242.281 0.502768 0.678431
291.871 240.938 0.502768 0.678431
293.215 237.98 0.48244 0.678431
294.461 234.719 0.48244 0.682353
295.133 233.172 0.463577 0.682353
296.375 230.148 0.463577 0.682353
297.383 227.156 0.446036 0.682353
297.953 225.543 0.446036 0.686275
298.391 223.828 0.446036 0.686275
298.828 222.082 0.446036 0.686275
299.266 220.199 0.429695 0.690196
299.668 218.285 0.429695 0.690196
300.105 216.301 0.429695 0.690196
300.543 214.25 0.429695 0.690196
300.98 212.301 0.429695 0.690196
301.688 208.57 0.429695 0.690196
301.953 206.82 0.429695 0.694118
302.09 204.871 0.429695 0.698039
302.223 202.922 0.429695 0.698039
302.391 200.938 0.429695 0.698039
302.426 198.922 0.429695 0.698039
302.492 197.039 0.429695 0.698039
302.492 195.227 0.429695 0.698039
302.492 193.41 0.429695 0.701961
302.492 191.664 0.394722 0.701961
302.492 189.812 0.394722 0.701961
302.492 188.031 0.394722 0.701961
302.492 186.148 0.394722 0.701961
302.492 184.098 0.394722 0.701961
302.492 182.051 0.394722 0.705882
302.258 178.016 0.394722 0.705882
301.551 174.723 0.380439 0.705882
300.676 171.766 0.367108 0.709804
300.242 170.387 0.367108 0.709804
299.836 169.074 0.354642 0.709804
299.367 167.73 0.354642 0.709804
298.863 166.352 0.321685 0.709804
298.258 164.941 0.321685 0.709804
297.551 163.461 0.310935 0.713726
296.879 161.984 0.310935 0.713726
296.004 160.504 0.310935 0.713726
294.223 157.883 0.300859 0.709804
293.184 156.707 0.300859 0.709804
292.207 155.496 0.300859 0.713726
291.266 154.25 0.269105 0.709804
290.324 153.145 0.269105 0.713726
289.449 152 0.269105 0.713726
288.578 150.824 0.269105 0.713726
287.738 149.781 0.269105 0.713726
286.762 148.605 0.269105 0.713726
285.754 147.496 0.269105 0.713726
284.645 146.52 0.269105 0.713726
283.402 145.48 0.269105 0.713726
282.125 144.57 0.269105 0.713726
280.711 143.629 0.269105 0.709804
279.332 142.656 0.269105 0.713726
276.512 140.707 0.269105 0.709804
273.789 138.789 0.269105 0.709804
271.199 137.008 0.269105 0.709804
269.891 136.234 0.269105 0.709804
268.645 135.562 0.269105 0.709804
267.469 135.059 0.269105 0.709804
266.191 134.453 0.269105 0.709804
264.879 133.949 0.269105 0.709804
263.504 133.414 0.269105 0.709804
262.09 132.875 0.269105 0.709804
260.746 132.371 0.300859 0.709804
259.336 131.73 0.300859 0.709804
258.023 131.16 0.300859 0.709804
256.645 130.621 0.300859 0.709804
255.199 130.117 0.331999 0.709804
253.855 129.68 0.331999 0.709804
252.344 129.246 0.331999 0.709804
250.898 128.91 0.331999 0.709804
249.484 128.605 0.362485 0.709804
248.008 128.336 0.362485 0.705882
246.594 128.102 0.362485 0.709804
245.082 127.832 0.362485 0.705882
241.957 127.465 0.362485 0.705882
240.379 127.297 0.392283 0.705882
238.766 127.125 0.392283 0.705882
235.336 126.723 0.392283 0.705882
233.32 126.555 0.392283 0.705882
231.168 126.254 0.392283 0.705882
229.016 126.02 0.421363 0.705882
224.715 125.344 0.392283 0.705882
222.598 125.176 0.392283 0.705882
220.48 124.91 0.392283 0.705882
218.598 124.809 0.392283 0.701961
217.016 124.742 0.392283 0.705882
215.738 124.707 0.38045 0.701961
214.664 124.707 0.38045 0.705882
213.621 124.707 0.38045 0.701961
212.613 124.707 0.38045 0.701961
211.605 124.977 0.38045 0.701961
210.531 125.246 0.38045 0.701961
209.387 125.613 0.38045 0.701961
208.109 125.883 0.392283 0.701961
206.766 126.152 0.392283 0.701961
205.387 126.453 0.392283 0.701961
203.977 126.691 0.392283 0.701961
202.664 127.094 0.392283 0.701961
200.176 127.898 0.404833 0.701961
199.168 128.402 0.404833 0.701961
198.059 128.809 0.404833 0.701961
197.02 129.312 0.404833 0.701961
196.078 129.848 0.404833 0.701961
195.066 130.387 0.392283 0.701961
193.051 131.43 0.392283 0.701961
192.145 131.898 0.421363 0.701961
191.305 132.438 0.421363 0.701961
190.531 132.875 0.421363 0.701961
189.824 133.445 0.449705 0.698039
189.051 134.016 0.449705 0.698039
188.176 134.656 0.449705 0.698039
187.336 135.363 0.449705 0.698039
186.43 136 0.449705 0.698039
185.555 136.738 0.449705 0.698039
184.75 137.48 0.449705 0.698039
183.941 138.152 0.449705 0.698039
183.168 138.859 0.477292 0.698039
181.656 140.137 0.477292 0.698039
180.949 140.875 0.477292 0.698039
180.246 141.512 0.477292 0.698039
178.969 143.027 0.504114 0.698039
177.625 144.738 0.504114 0.698039
176.883 145.68 0.504114 0.698039
176.109 146.758 0.504114 0.694118
175.438 147.867 0.504114 0.698039
174.664 148.941 0.504114 0.694118
173.926 150.051 0.504114 0.698039
173.188 150.957 0.530166 0.694118
172.547 151.965 0.530166 0.698039
172.012 153.008 0.530166 0.694118
171.539 153.949 0.545604 0.694118
171.102 155.023 0.545604 0.694118
170.633 155.965 0.545604 0.694118
170.195 157.043 0.571288 0.694118
169.723 158.25 0.571288 0.694118
169.289 159.359 0.555445 0.694118
168.883 160.539 0.555445 0.694118
168.48 161.547 0.555445 0.694118
168.18 162.418 0.555445 0.694118
167.875 163.359 0.571288 0.694118
167.305 165.141 0.571288 0.694118
167.102 166.184 0.571288 0.694118
166.902 167.262 0.571288 0.694118
166.734 168.438 0.571288 0.694118
166.496 169.613 0.571288 0.694118
166.262 170.891 0.587953 0.694118
166.129 172.066 0.587953 0.694118
165.961 173.074 0.587953 0.694118
165.926 174.016 0.587953 0.694118
165.793 175.496 0.587953 0.694118
165.793 176.336 0.605494 0.694118
165.727 177.141 0.605494 0.694118
165.691 178.016 0.605494 0.694118
165.656 178.992 0.605494 0.694118
165.523 179.965 0.623972 0.698039
165.422 181.039 0.623972 0.694118
165.32 182.117 0.623972 0.698039
165.219 183.227 0.623972 0.694118
165.152 184.336 0.623972 0.698039
165.121 185.309 0.643449 0.694118
165.086 186.285 0.643449 0.698039
165.086 187.16 0.643449 0.694118
165.086 188.066 0.669589 0.698039
165.086 189.141 0.669589 0.694118
165.086 190.219 0.690396 0.698039
165.086 191.496 0.690396 0.698039
165.219 192.805 0.690396 0.698039
165.422 194.148 0.690396 0.698039
165.961 196.434 0.690396 0.698039
166.23 197.41 0.690396 0.698039
166.566 198.184 0.690396 0.698039
166.867 198.922 0.690396 0.698039
167.508 200.301 0.690396 0.698039
167.809 201.141 0.669589 0.698039
168.211 202.148 0.669589 0.698039
168.582 203.156 0.669589 0.698039
169.523 205.41 0.669589 0.698039
170.062 206.484 0.669589 0.698039
170.598 207.562 0.690396 0.698039
171.168 208.504 0.690396 0.698039
171.809 209.41 0.690396 0.698039
172.379 210.25 0.690396 0.698039
173.02 211.023 0.690396 0.698039
173.723 211.93 0.663994 0.698039
174.363 212.77 0.663994 0.698039
175.168 213.777 0.663994 0.698039
176.043 214.922 0.663994 0.698039
176.883 215.965 0.663994 0.698039
177.859 217.105 0.663994 0.698039
178.734 218.113 0.663994 0.698039
180.75 220.199 0.663994 0.698039
181.723 221.105 0.663994 0.698039
182.766 222.047 0.663994 0.698039
183.809 222.82 0.636453 0.698039
186.059 224.301 0.636453 0.698039
187.27 224.973 0.636453 0.701961
188.547 225.711 0.607745 0.698039
189.891 226.418 0.607745 0.701961
191.371 227.156 0.607745 0.701961
192.984 227.863 0.607745 0.701961
194.562 228.469 0.607745 0.701961
196.277 229.074 0.607745 0.701961
197.926 229.68 0.607745 0.701961
199.539 230.184 0.607745 0.701961
201.152 230.586 0.607745 0.701961
202.664 230.785 0.607745 0.701961
204.312 230.988 0.607745 0.701961
205.859 231.223 0.607745 0.701961
207.371 231.359 0.607745 0.701961
208.883 231.559 0.607745 0.701961
210.227 231.66 0.607745 0.701961
211.641 231.695 0.607745 0.701961
213.051 231.727 0.607745 0.701961
214.43 231.727 0.607745 0.701961
215.906 231.727 0.607745 0.705882
217.32 231.695 0.607745 0.705882
218.766 231.359 0.607745 0.705882
220.211 230.953 0.607745 0.705882
223.035 229.879 0.607745 0.705882
224.48 229.34 0.607745 0.705882
225.824 228.738 0.607745 0.705882
227.133 228.133 0.607745 0.705882
228.277 227.426 0.607745 0.705882
229.453 226.82 0.607745 0.705882
230.664 226.25 0.607745 0.705882
231.875 225.578 0.607745 0.705882
233.152 225.074 0.607745 0.705882
235.199 223.863 0.587946 0.705882
235.973 223.359 0.587946 0.705882
236.613 222.754 0.587946 0.709804
237.285 222.148 0.587946 0.709804
238.125 221.477 0.607745 0.709804
239.066 220.637 0.577842 0.709804
240.074 219.762 0.577842 0.709804
241.051 218.789 0.577842 0.709804
241.957 217.98 0.577842 0.709804
243.336 216.535 0.577842 0.709804
243.84 215.898 0.577842 0.709804
244.176 215.055 0.546727 0.709804
244.477 214.25 0.546727 0.709804
244.914 212.535 0.528014 0.709804
245.117 211.629 0.528014 0.709804
245.25 210.551 0.528014 0.709804
245.316 209.273 0.528014 0.709804
245.418 207.93 0.528014 0.709804
245.418 206.383 0.528014 0.709804
245.453 204.906 0.528014 0.709804
245.488 202.383 0.528014 0.709804
245.488 201.375 0.528014 0.709804
245.488 200.336 0.528014 0.709804
245.316 199.324 0.528014 0.709804
244.812 197.109 0.528014 0.709804
244.309 194.621 0.510429 0.709804
243.941 193.277 0.510429 0.709804
243.637 192 0.528014 0.709804
243.301 190.652 0.528014 0.709804
242.965 189.512 0.528014 0.709804
242.73 188.438 0.528014 0.709804
242.461 187.426 0.528014 0.709804
242.191 186.52 0.528014 0.709804
241.855 185.613 0.528014 0.709804
241.219 184 0.528014 0.709804
240.883 183.16 0.528014 0.709804
240.41 182.387 0.528014 0.709804
239.941 181.613 0.528014 0.709804
239.402 180.941 0.510429 0.709804
238.898 180.367 0.510429 0.709804
238.43 179.762 0.510429 0.709804
237.992 179.293 0.510429 0.709804
237.555 178.789 0.510429 0.709804
236.883 177.848 0.510429 0.709804
236.445 177.277 0.510429 0.709804
236.043 176.871 0.510429 0.709804
235.637 176.504 0.493883 0.709804
235.199 176.102 0.493883 0.709804
234.797 175.766 0.493883 0.709804
234.227 175.328 0.493883 0.709804
233.688 174.891 0.493883 0.709804
233.219 174.555 0.493883 0.709804
232.141 173.746 0.493883 0.709804
231.469 173.344 0.478295 0.709804
230.797 172.906 0.478295 0.709804
230.293 172.637 0.478295 0.709804
229.688 172.199 0.478295 0.709804
229.184 171.934 0.478295 0.709804
228.578 171.664 0.478295 0.709804
227.973 171.359 0.478295 0.705882
227.336 171.191 0.478295 0.705882
225.926 170.621 0.463592 0.705882
225.219 170.387 0.463592 0.705882
224.547 170.082 0.463592 0.705882
223.941 169.848 0.463592 0.705882
223.336 169.578 0.463592 0.705882
222.832 169.445 0.463592 0.705882
222.395 169.344 0.463592 0.705882
221.957 169.211 0.463592 0.705882
221.59 169.176 0.463592 0.705882
221.219 169.074 0.463592 0.705882
220.848 169.008 0.463592 0.705882
220.445 169.008 0.463592 0.701961
219.539 168.941 0.463592 0.701961
219 168.941 0.463592 0.701961
218.598 168.941 0.463592 0.701961
218.191 168.941 0.463592 0.701961
217.688 168.941 0.463592 0.701961
217.32 168.941 0.463592 0.701961
216.949 168.941 0.463592 0.701961
216.648 168.941 0.463592 0.701961
216.344 168.941 0.463592 0.701961
215.57 168.941 0.463592 0.701961
215.203 169.008 0.463592 0.701961
214.832 169.109 0.463592 0.701961
214.531 169.242 0.463592 0.701961
214.125 169.344 0.463592 0.701961
213.758 169.41 0.463592 0.701961
213.52 169.547 0.463592 0.701961
213.254 169.578 0.463592 0.701961
213.117 169.68 0.463592 0.701961
212.781 169.848 0.463592 0.701961
212.613 169.949 0.463592 0.701961
212.242 169.949 0.463592 0.698039
211.941 170.117 0.463592 0.698039
211.672 170.32 0.463592 0.698039
211.305 170.418 0.463592 0.698039
211.035 170.656 0.463592 0.698039
210.766 170.754 0.463592 0.698039
210.461 170.891 0.478295 0.698039
210.094 171.125 0.478295 0.698039
209.891 171.328 0.478295 0.698039
209.621 171.496 0.478295 0.698039
209.32 171.695 0.478295 0.698039
209.051 171.965 0.478295 0.698039
208.68 172.102 0.478295 0.698039
208.414 172.367 0.478295 0.698039
208.109 172.672 0.478295 0.698039
207.809 172.941 0.478295 0.698039
207.234 173.477 0.478295 0.694118
206.969 173.781 0.507043 0.694118
206.73 174.117 0.507043 0.698039
206.43 174.418 0.507043 0.694118
206.227 174.754 0.507043 0.698039
205.957 175.023 0.507043 0.694118
205.758 175.293 0.507043 0.698039
205.59 175.594 0.507043 0.694118
205.352 175.863 0.523222 0.698039
205.184 176.199 0.523222 0.694118
204.949 176.504 0.523222 0.698039
204.547 177.043 0.523222 0.694118
204.344 177.309 0.523222 0.694118
204.211 177.645 0.523222 0.694118
204.043 178.082 0.493883 0.694118
203.84 178.418 0.493883 0.694118
203.738 178.824 0.493883 0.694118
203.539 179.16 0.493883 0.694118
203.402 179.496 0.493883 0.694118
203.305 179.898 0.493883 0.694118
203.137 180.605 0.493883 0.694118
203.035 180.973 0.510429 0.694118
202.934 181.379 0.510429 0.694118
202.832 181.848 0.510429 0.694118
202.664 182.316 0.510429 0.694118
202.562 182.891 0.510429 0.694118
202.395 183.527 0.510429 0.694118
202.262 184.133 0.510429 0.694118
202.16 184.738 0.510429 0.694118
202.027 185.746 0.510429 0.694118
202.027 186.184 0.558541 0.694118
202.027 186.586 0.558541 0.694118
202.027 187.023 0.558541 0.694118
202.027 187.73 0.558541 0.694118
202.059 188.066 0.558541 0.694118
202.094 188.234 0.558541 0.694118
202.195 188.57 0.558541 0.694118
202.262 188.84 0.558541 0.694118
202.328 189.109 0.558541 0.694118
202.496 189.41 0.558541 0.694118
202.699 189.711 0.558541 0.694118
202.801 189.883 0.558541 0.694118
202.832 190.016 0.558541 0.694118
202.934 190.285 0.558541 0.694118
202.934 190.453 0.577842 0.694118
202.969 190.652 0.577842 0.694118
203.035 190.922 0.577842 0.694118
203.066 191.023 0.577842 0.694118
203.102 191.156 0.577842 0.694118
203.168 191.227 0.577842 0.694118
203.234 191.293 0.577842 0.694118
203.234 191.293 0.577842 0.694118
203.234 191.293 0.577842 0.698039
203.234 191.359 0.577842 0.698039
203.234 191.359 0.577842 0.698039
203.234 191.395 0.577842 0.698039
203.234 191.395 0.577842 0.698039
203.234 191.395 0.577842 0.698039
203.234 191.395 0.577842 0.698039
203.234 191.395 0.577842 0.698039
203.234 191.395 0.577842 0.698039
203.234 191.395 0.577842 0.698039
203.234 191.395 0.577842 0.698039
203.234 191.395 0.577842 0.698039
203.234 191.395 0.577842 0.698039
203.234 191.395 0.577842 0.698039
203.234 191.395 0.577842 0.698039
203.305 191.395 0.577842 0.698039
203.305 191.395 0.577842 0.698039
203.305 191.395 0.577842 0.698039
203.305 191.395 0.577842 0.698039
203.305 191.395 0.577842 0.698039
203.305 191.395 0.577842 0.698039
203.305 191.395 0.577842 0.698039
203.305 191.395 0.577842 0.698039
203.305 191.395 0.577842 0.698039
203.305 191.395 0.558541 0.698039
203.305 191.395 0.558541 0.698039
203.305 191.395 0.558541 0.701961
203.305 191.395 0.558541 0.701961
203.305 191.395 0.558541 0.701961
203.305 191.395 0.558541 0.701961
203.305 191.395 0.558541 0.701961
203.305 191.395 0.558541 0.701961
203.305 191.395 0.558541 0.701961
203.305 191.395 0.558541 0.701961
203.305 191.395 0.558541 0.701961
203.305 191.395 0.558541 0.701961
203.305 191.395 0.558541 0.701961
203.305 191.395 0.558541 0.701961
203.305 191.395 0.558541 0.701961
203.305 191.395 0.558541 0.701961
203.305 191.395 0.577842 0.701961
203.305 191.395 0.577842 0.701961
203.305 191.395 0.577842 0.701961
203.305 191.395 0.577842 0.701961
203.305 191.395 0.577842 0.701961
203.305 191.395 0.577842 0.701961
203.305 191.395 0.577842 0.701961
203.305 191.395 0.577842 0.701961
203.305 191.395 0.577842 0.701961
203.305 191.395 0.577842 0.701961
203.305 191.395 0.577842 0.701961
203.305 191.395 0.558541 0.701961
203.305 191.395 0.558541 0.701961
203.305 191.395 0.558541 0.701961
203.305 191.395 0.558541 0.701961
203.305 191.395 0.558541 0.701961
203.305 191.426 0.558541 0.701961
203.305 191.426 0.558541 0.701961
203.305 191.426 0.558541 0.701961
203.305 191.426 0.558541 0.701961
203.305 191.426 0.558541 0.701961
203.305 191.426 0.558541 0.701961
203.305 191.426 0.558541 0.701961
203.305 191.426 0.558541 0.701961
203.305 191.426 0.558541 0.701961
203.305 191.426 0.558541 0.701961
203.305 191.426 0.558541 0.701961
203.305 191.426 0.558541 0.701961
203.305 191.426 0.558541 0.701961
203.305 191.426 0.558541 0.701961
203.305 191.426 0.558541 0.701961
203.305 191.426 0.558541 0.701961
203.305 191.426 0.558541 0.701961
203.305 191.426 0.558541 0.701961
203.305 191.426 0.558541 0.701961
203.305 191.426 0.558541 0.701961
203.305 191.426 0.558541 0.701961
203.305 191.426 0.558541 0.701961
203.305 191.426 0.558541 0.701961
203.305 191.426 0.558541 0.701961
203.305 191.426 0.558541 0.701961
203.305 191.426 0.558541 0.701961
203.305 191.426 0.558541 0.701961
203.305 191.426 0.558541 0.701961
203.336 191.426 0.558541 0.701961
203.336 191.426 0.558541 0.690196
203.336 191.293 0.577842 0.611765
202.562 190.82 0.577842 0.4
