80.3867 144.152 0.685694 0.101961
80 144 0.685694 0.101656
80 144 0.685694 0.108492
80 144 0.685694 0.122164
80 144 0.685694 0.12314
80 144 0.685694 0.128023
81.4961 143.883 0.685694 0.152941
81.9336 143.48 0.685694 0.223529
82.3711 143.109 0.685694 0.286275
82.9414 142.504 0.685694 0.341176
83.75 141.496 0.671109 0.376471
87.043 138.742 0.671109 0.403922
89.6328 136.961 0.671109 0.435294
96.5898 133.16 0.685694 0.45098
105.461 129.227 0.66727 0.47451
115.242 125.598 0.648294 0.494118
120.152 123.953 0.628758 0.505882
130.234 121.262 0.628758 0.509804
135.715 119.984 0.59472 0.517647
141.664 118.742 0.561123 0.521569
147.914 117.496 0.561123 0.533333
161.359 115.277 0.561123 0.537255
174.77 113.832 0.54851 0.54902
181.023 113.43 0.54851 0.560784
192.453 113.262 0.528034 0.564706
197.461 113.262 0.507057 0.564706
202.535 113.262 0.507057 0.564706
207.645 113.598 0.48558 0.568627
217.961 114.172 0.48558 0.568627
222.938 114.27 0.463604 0.572549
227.574 114.406 0.463604 0.572549
231.645 114.508 0.463604 0.576471
237.391 114.742 0.463604 0.576471
239.91 114.91 0.48558 0.576471
240.383 115.012 0.463604 0.580392
240.551 115.012 0.463604 0.580392
240.582 115.043 0.463604 0.584314
240.582 115.043 0.463604 0.588235
240.582 115.043 0.463604 0.592157
240.582 115.043 0.463604 0.596078
240.582 115.043 0.463604 0.6
240.582 115.043 0.463604 0.6
240.582 115.043 0.463604 0.603922
240.582 115.043 0.463604 0.603922
240.582 115.043 0.441135 0.607843
240.582 115.043 0.441135 0.607843
240.582 115.043 0.441135 0.611765
240.582 115.043 0.441135 0.611765
240.582 115.043 0.441135 0.615686
240.582 115.043 0.441135 0.619608
240.582 115.043 0.430649 0.623529
240.414 115.043 0.430649 0.623529
240.047 115.043 0.430649 0.623529
239.543 114.941 0.452736 0.623529
239.039 114.91 0.452736 0.623529
238.5 114.875 0.452736 0.623529
237.859 114.773 0.452736 0.623529
237.188 114.676 0.452736 0.623529
236.316 114.473 0.452736 0.623529
235.375 114.34 0.452736 0.623529
232.754 114.102 0.452736 0.623529
230.938 114.07 0.452736 0.623529
228.754 113.969 0.452736 0.623529
226.5 113.969 0.474358 0.623529
222.129 113.969 0.474358 0.623529
220.18 113.969 0.474358 0.623529
216.148 113.969 0.474358 0.623529
211.711 114.137 0.452736 0.623529
206.367 114.742 0.452736 0.623529
203.34 115.18 0.452736 0.623529
197.055 116.254 0.452736 0.623529
194.031 116.859 0.452736 0.619608
188.551 117.934 0.452736 0.623529
183.309 118.941 0.452736 0.623529
177.156 120.086 0.48558 0.623529
173.695 120.723 0.507057 0.623529
166.77 122.305 0.507057 0.623529
163.445 123.012 0.528034 0.623529
160.453 123.75 0.528034 0.623529
157.664 124.355 0.561123 0.623529
153.125 125.566 0.561123 0.623529
149.461 126.473 0.561123 0.623529
147.68 126.875 0.581341 0.623529
145.898 127.348 0.581341 0.623529
144.117 127.918 0.581341 0.623529
142.301 128.457 0.581341 0.623529
140.656 129.129 0.59472 0.623529
139.211 129.734 0.574264 0.619608
137.227 130.539 0.574264 0.619608
136.32 130.84 0.574264 0.619608
136.082 130.977 0.574264 0.619608
135.914 131.043 0.574264 0.619608
135.816 131.109 0.574264 0.619608
135.648 131.18 0.574264 0.619608
135.445 131.246 0.574264 0.619608
135.277 131.445 0.574264 0.619608
134.973 131.582 0.574264 0.619608
134.637 131.816 0.574264 0.615686
134.27 132.086 0.574264 0.615686
133.863 132.32 0.574264 0.615686
133.562 132.625 0.574264 0.615686
133.293 132.758 0.574264 0.615686
133.16 132.961 0.574264 0.615686
133.059 133.094 0.574264 0.615686
132.957 133.094 0.574264 0.615686
132.926 133.129 0.574264 0.615686
132.824 133.129 0.587962 0.619608
132.789 133.129 0.608649 0.619608
132.789 133.129 0.608649 0.619608
132.789 133.129 0.608649 0.619608
132.789 133.129 0.608649 0.619608
132.789 133.129 0.608649 0.619608
132.789 133.129 0.608649 0.619608
132.789 133.129 0.608649 0.619608
132.789 133.129 0.608649 0.623529
132.789 133.129 0.608649 0.623529
132.789 133.129 0.608649 0.623529
132.789 133.129 0.608649 0.623529
132.789 133.129 0.608649 0.623529
132.789 133.129 0.608649 0.623529
132.789 133.129 0.608649 0.623529
132.789 133.129 0.608649 0.623529
132.789 133.129 0.608649 0.623529
132.789 133.129 0.608649 0.623529
132.789 133.129 0.608649 0.627451
132.789 133.129 0.608649 0.627451
132.789 133.129 0.59472 0.627451
132.789 133.129 0.59472 0.627451
132.789 133.129 0.59472 0.627451
132.789 133.129 0.59472 0.627451
132.789 133.129 0.59472 0.627451
132.789 133.129 0.59472 0.631373
132.789 133.129 0.59472 0.631373
132.789 133.129 0.59472 0.631373
132.789 133.129 0.59472 0.631373
132.789 133.129 0.59472 0.627451
132.789 133.129 0.59472 0.627451
132.789 133.129 0.59472 0.627451
132.926 133.129 0.59472 0.627451
133.328 133.129 0.59472 0.627451
133.934 132.793 0.59472 0.627451
134.805 132.422 0.59472 0.627451
136.016 132.086 0.59472 0.627451
139.445 131.078 0.59472 0.627451
141.461 130.473 0.59472 0.627451
143.512 129.902 0.59472 0.627451
145.461 129.43 0.59472 0.627451
147.176 128.992 0.59472 0.627451
148.656 128.656 0.59472 0.627451
149.863 128.422 0.59472 0.627451
150.738 128.219 0.59472 0.627451
151.277 128.152 0.59472 0.627451
151.41 128.051 0.59472 0.627451
151.41 128.051 0.59472 0.623529
151.277 128.117 0.59472 0.623529
148.488 130.168 0.59472 0.619608
146.102 131.852 0.59472 0.623529
141.09 135.445 0.59472 0.623529
137.73 137.969 0.608649 0.623529
136.926 138.605 0.608649 0.623529
136.688 138.875 0.587962 0.619608
136.723 138.91 0.587962 0.619608
139.816 138 0.587962 0.615686
142.504 136.793 0.602246 0.623529
145.461 135.379 0.602246 0.623529
148.184 134.238 0.623159 0.623529
150.871 133.297 0.608649 0.623529
149.328 135.078 0.608649 0.615686
146.57 137.363 0.608649 0.611765
142.941 140.051 0.608649 0.615686
139.277 142.672 0.608649 0.615686
136.219 144.926 0.608649 0.615686
134 146.57 0.608649 0.615686
132.758 147.75 0.59472 0.615686
132.25 148.824 0.59472 0.611765
135.074 148.488 0.59472 0.607843
137.43 147.68 0.608649 0.615686
139.848 146.707 0.608649 0.615686
141.965 145.898 0.608649 0.615686
143.41 145.43 0.608649 0.615686
144.152 145.16 0.608649 0.615686
144.25 145.16 0.59472 0.611765
144.152 145.699 0.59472 0.607843
143.109 146.84 0.59472 0.607843
141.695 148.453 0.59472 0.607843
140.117 150.102 0.59472 0.611765
138.773 151.613 0.59472 0.611765
137.898 152.824 0.59472 0.611765
137.496 153.664 0.608649 0.607843
137.496 154.305 0.608649 0.607843
138.539 154.438 0.608649 0.607843
140.52 154.438 0.608649 0.611765
143.211 153.832 0.608649 0.615686
146.031 152.789 0.608649 0.619608
148.52 151.984 0.608649 0.619608
150.703 151.582 0.608649 0.619608
149.258 153.562 0.608649 0.611765
147.309 155.547 0.608649 0.615686
144.992 157.867 0.608649 0.615686
142.773 159.984 0.608649 0.615686
139.883 163.68 0.608649 0.615686
139.344 164.926 0.59472 0.611765
139.645 166.301 0.59472 0.611765
142.973 166.336 0.59472 0.615686
145.09 165.797 0.59472 0.623529
147.074 165.195 0.59472 0.623529
148.453 164.855 0.608649 0.623529
149.328 165.629 0.628758 0.623529
149.191 167.074 0.628758 0.619608
148.082 169.023 0.628758 0.619608
146.605 171.074 0.628758 0.623529
143.812 174.707 0.628758 0.623529
142.805 175.984 0.628758 0.623529
142.301 177.094 0.628758 0.619608
142.133 177.965 0.628758 0.619608
142.133 178.637 0.614625 0.619608
142.336 179.211 0.614625 0.619608
143.109 179.445 0.614625 0.619608
144.285 179.445 0.614625 0.623529
145.73 179.445 0.614625 0.623529
147.074 179.074 0.614625 0.627451
148.016 178.875 0.614625 0.627451
148.32 178.875 0.614625 0.623529
148.25 179.613 0.614625 0.619608
147.277 181.293 0.614625 0.619608
145.863 183.477 0.628758 0.623529
144.352 186.031 0.628758 0.623529
143.008 188.488 0.628758 0.623529
142.031 190.57 0.628758 0.623529
141.527 192.453 0.643462 0.623529
141.328 193.832 0.643462 0.619608
141.328 194.973 0.643462 0.619608
141.562 195.848 0.658767 0.619608
143.379 196.285 0.658767 0.619608
145.527 196.184 0.658767 0.623529
146.27 196.148 0.658767 0.623529
146.504 197.16 0.658767 0.623529
145.125 200.824 0.658767 0.619608
144.051 203.074 0.658767 0.623529
142.973 205.09 0.674701 0.623529
142.27 206.941 0.674701 0.623529
141.695 209.73 0.674701 0.619608
141.695 210.57 0.674701 0.619608
142.168 210.871 0.674701 0.619608
143.379 210.871 0.674701 0.619608
147.109 209.496 0.674701 0.623529
149.09 208.621 0.674701 0.627451
150.535 207.949 0.674701 0.623529
151.445 207.883 0.691297 0.623529
151.746 208.219 0.691297 0.619608
151.746 209.496 0.71142 0.615686
151.41 211.41 0.71142 0.615686
150.672 213.629 0.71142 0.619608
149.797 215.746 0.71142 0.619608
149.059 217.695 0.71142 0.619608
148.488 219.375 0.71142 0.619608
148.117 220.988 0.71142 0.619608
147.98 222.57 0.71142 0.619608
147.98 223.98 0.71142 0.619608
147.98 225.395 0.71142 0.619608
147.98 226.434 0.71142 0.619608
148.32 227.273 0.71142 0.619608
148.957 227.848 0.71142 0.619608
149.832 227.879 0.71142 0.623529
150.941 227.879 0.71142 0.623529
152.082 227.543 0.71142 0.627451
152.992 227.141 0.71142 0.627451
153.496 227.141 0.71142 0.627451
153.496 227.512 0.71142 0.627451
153.059 229.156 0.71142 0.627451
150.605 234.5 0.71142 0.627451
149.359 237.594 0.71142 0.631373
148.219 240.418 0.71142 0.631373
146.941 245.391 0.71142 0.631373
146.504 247.441 0.71142 0.631373
146.199 249.359 0.71142 0.631373
145.965 251.141 0.71142 0.631373
145.863 252.922 0.71142 0.635294
145.863 254.703 0.71142 0.635294
145.863 256.383 0.71142 0.639216
145.965 257.828 0.728816 0.639216
146.402 258.973 0.728816 0.639216
146.941 259.746 0.728816 0.643137
147.41 260.215 0.728816 0.643137
147.781 260.383 0.728816 0.643137
148.051 260.484 0.728816 0.647059
148.184 260.719 0.728816 0.647059
148.25 261.023 0.728816 0.647059
148.285 261.559 0.728816 0.647059
148.285 262.301 0.746917 0.65098
148.285 263.141 0.746917 0.65098
148.285 264.012 0.746917 0.65098
148.285 264.617 0.746917 0.65098
148.285 265.055 0.746917 0.65098
148.285 265.258 0.746917 0.65098
148.285 265.359 0.765754 0.65098
148.285 265.559 0.765754 0.65098
148.148 266.703 0.765754 0.65098
147.883 267.812 0.765754 0.654902
147.645 269.055 0.765754 0.654902
147.445 270.367 0.765754 0.654902
147.242 271.441 0.765754 0.654902
147.176 272.316 0.765754 0.654902
147.176 272.988 0.785359 0.654902
147.176 273.258 0.785359 0.654902
147.176 273.391 0.785359 0.654902
147.109 273.426 0.785359 0.654902
147.008 273.492 0.805764 0.658824
146.941 273.559 0.805764 0.662745
146.941 273.793 0.805764 0.662745
146.84 274.129 0.805764 0.662745
146.84 274.398 0.805764 0.662745
146.805 274.703 0.805764 0.662745
146.703 274.805 0.805764 0.662745
146.703 274.871 0.805764 0.662745
146.703 274.973 0.805764 0.662745
146.672 274.973 0.805764 0.662745
146.672 274.973 0.805764 0.662745
146.672 274.973 0.805764 0.662745
146.672 274.973 0.805764 0.662745
146.672 275.105 0.805764 0.662745
146.637 275.141 0.805764 0.662745
146.637 275.238 0.805764 0.662745
146.605 275.309 0.805764 0.662745
146.57 275.309 0.805764 0.662745
146.57 275.309 0.805764 0.666667
146.57 275.309 0.805764 0.666667
146.57 275.309 0.805764 0.666667
146.57 275.34 0.805764 0.666667
146.57 275.34 0.805764 0.666667
146.57 275.34 0.805764 0.666667
146.57 275.34 0.805764 0.666667
146.57 275.34 0.805764 0.666667
146.57 275.34 0.805764 0.666667
146.57 275.34 0.805764 0.666667
146.57 275.34 0.805764 0.666667
146.57 275.34 0.805764 0.666667
146.57 275.406 0.805764 0.666667
146.57 275.508 0.805764 0.666667
146.57 275.508 0.805764 0.666667
146.57 275.543 0.805764 0.666667
146.57 275.543 0.805764 0.666667
146.57 275.543 0.805764 0.666667
146.57 275.543 0.805764 0.666667
146.57 275.543 0.805764 0.666667
146.57 275.574 0.805764 0.666667
146.57 275.609 0.805764 0.666667
146.57 275.676 0.805764 0.666667
146.57 275.844 0.805764 0.666667
146.57 275.844 0.805764 0.666667
146.57 275.844 0.805764 0.666667
146.57 275.91 0.805764 0.666667
146.57 275.91 0.805764 0.670588
146.57 275.91 0.805764 0.670588
146.57 275.91 0.805764 0.670588
146.57 275.91 0.805764 0.670588
146.57 275.91 0.805764 0.670588
146.57 275.91 0.805764 0.670588
146.57 275.91 0.805764 0.670588
146.57 275.91 0.805764 0.670588
146.57 275.91 0.805764 0.670588
146.57 275.91 0.805764 0.670588
146.57 275.91 0.805764 0.670588
146.57 275.91 0.805764 0.670588
146.57 275.91 0.805764 0.670588
146.57 275.91 0.805764 0.670588
146.57 275.91 0.805764 0.670588
146.57 275.91 0.805764 0.670588
146.57 275.91 0.805764 0.670588
146.57 275.91 0.805764 0.670588
146.57 275.91 0.805764 0.67451
146.57 275.91 0.805764 0.67451
146.57 275.91 0.805764 0.67451
146.57 275.91 0.805764 0.67451
146.57 275.91 0.805764 0.67451
146.57 275.91 0.805764 0.67451
146.57 275.91 0.805764 0.67451
146.57 275.91 0.805764 0.67451
146.57 275.91 0.805764 0.678431
146.57 275.91 0.805764 0.678431
146.57 275.91 0.805764 0.678431
146.57 275.91 0.805764 0.678431
146.57 275.91 0.805764 0.678431
146.57 275.91 0.805764 0.678431
146.57 275.91 0.805764 0.678431
146.57 275.91 0.805764 0.678431
146.57 275.91 0.805764 0.678431
146.57 275.91 0.805764 0.678431
146.57 275.91 0.805764 0.678431
146.57 275.91 0.805764 0.678431
146.57 275.91 0.805764 0.678431
146.57 275.91 0.805764 0.678431
146.57 275.91 0.805764 0.678431
146.57 275.91 0.805764 0.678431
146.57 275.91 0.805764 0.678431
146.57 275.91 0.805764 0.678431
146.57 275.91 0.805764 0.678431
146.57 275.91 0.805764 0.678431
146.57 275.91 0.805764 0.678431
146.57 275.91 0.805764 0.678431
146.57 275.91 0.805764 0.682353
146.57 275.91 0.805764 0.678431
146.57 275.91 0.805764 0.682353
146.57 275.91 0.805764 0.678431
146.57 275.91 0.805764 0.682353
146.57 275.91 0.805764 0.678431
146.57 275.91 0.805764 0.678431
146.57 275.91 0.805764 0.678431
146.57 275.91 0.805764 0.678431
146.57 275.91 0.805764 0.678431
146.57 275.91 0.805764 0.678431
146.57 275.91 0.805764 0.678431
146.57 275.91 0.805764 0.678431
146.57 275.91 0.805764 0.678431
146.57 275.91 0.805764 0.678431
146.57 275.91 0.805764 0.678431
146.57 275.91 0.805764 0.678431
146.57 275.91 0.805764 0.678431
146.57 276.047 0.805764 0.678431
146.57 276.113 0.805764 0.678431
146.57 276.18 0.805764 0.678431
146.57 276.18 0.805764 0.678431
146.57 276.18 0.805764 0.678431
146.57 276.18 0.805764 0.678431
146.57 276.18 0.805764 0.678431
146.57 276.18 0.805764 0.678431
146.57 276.18 0.805764 0.678431
146.57 276.18 0.805764 0.678431
146.57 276.215 0.805764 0.678431
146.57 276.215 0.805764 0.678431
146.57 276.25 0.805764 0.678431
146.57 276.25 0.805764 0.678431
146.57 276.281 0.805764 0.678431
146.57 276.383 0.805764 0.678431
146.57 276.383 0.805764 0.678431
146.57 276.516 0.805764 0.678431
146.57 276.684 0.805764 0.678431
146.57 276.852 0.805764 0.678431
146.637 275.742 0.827002 0.623529
