58.6602 76.3125 0.632706 0.117647
58 76 0.632706 0.132937
58 76 0.654042 0.142702
58 76 0.654042 0.202335
58 76 0.654042 0.229709
58 76 0.654042 0.235569
58 76 0.654042 0.248264
58 76 0.654042 0.268803
58 76 0.654042 0.284428
58 76 0.654042 0.305943
58 76 0.654042 0.339178
58 76 0.654042 0.374365
58 76 0.654042 0.404669
58 76 0.654042 0.425208
58 76 0.654042 0.442786
58 76 0.654042 0.452583
59.6992 76.0781 0.654042 0.462745
60.3047 75.3047 0.654042 0.466667
61.3477 74.1602 0.654042 0.478431
61.9531 73.5547 0.654042 0.501961
63.0273 72.2109 0.654042 0.505882
63.5664 71.6055 0.654042 0.521569
64.0039 70.9023 0.654042 0.52549
64.5391 70.2305 0.654042 0.533333
65.0781 69.5586 0.632706 0.533333
65.582 68.8516 0.632706 0.537255
66.0547 68.2109 0.632706 0.537255
66.5234 67.5078 0.595367 0.537255
67.0938 66.9023 0.595367 0.537255
67.668 66.3984 0.595367 0.541176
68.2031 65.8945 0.595367 0.541176
68.7773 65.4883 0.610682 0.541176
69.1797 65.1211 0.610682 0.541176
69.5508 64.8828 0.610682 0.541176
69.8867 64.75 0.610682 0.541176
70.0195 64.6484 0.610682 0.541176
70.1211 64.6484 0.610682 0.537255
70.1875 64.6484 0.610682 0.537255
70.2227 64.6484 0.610682 0.533333
70.3555 64.6484 0.610682 0.533333
70.5234 64.6484 0.610682 0.533333
70.8242 64.6484 0.610682 0.533333
71.2617 64.6484 0.610682 0.533333
71.7656 64.6484 0.610682 0.533333
72.7422 64.6484 0.610682 0.533333
73.2461 64.8516 0.610682 0.533333
74.1523 65.5898 0.610682 0.533333
75.0273 66.6992 0.610682 0.533333
75.9023 67.8438 0.610682 0.533333
76.3398 68.3477 0.595367 0.533333
77.3477 69.4883 0.595367 0.533333
77.9531 70.0625 0.595367 0.533333
78.625 70.7656 0.610682 0.533333
79.3984 71.4062 0.610682 0.533333
81.1445 73.1211 0.610682 0.533333
83.0625 74.5977 0.610682 0.533333
84.0703 75.1719 0.610682 0.533333
85.0781 75.6758 0.610682 0.533333
86.1523 76.0781 0.610682 0.537255
87.2969 76.2461 0.610682 0.537255
88.5742 76.2461 0.632706 0.541176
89.918 76.2461 0.632706 0.545098
92.9766 75.5078 0.632706 0.545098
95.6641 74.7344 0.632706 0.54902
96.707 74.4648 0.632706 0.54902
97.582 74.2305 0.632706 0.54902
98.4883 74.0625 0.632706 0.54902
99.3281 73.7578 0.632706 0.54902
100.168 73.5547 0.632706 0.54902
100.91 73.3203 0.632706 0.54902
101.414 73.0859 0.638279 0.54902
101.715 73.0195 0.638279 0.54902
101.781 72.8828 0.638279 0.552941
101.816 72.8828 0.638279 0.556863
101.816 72.8828 0.638279 0.560784
101.852 72.8828 0.638279 0.564706
101.852 72.8828 0.638279 0.568627
101.852 72.8828 0.638279 0.568627
101.852 72.8828 0.638279 0.572549
101.852 72.8828 0.638279 0.572549
101.852 72.8828 0.638279 0.572549
101.852 72.8828 0.638279 0.572549
101.852 72.8828 0.638279 0.568627
101.852 73.0508 0.638279 0.564706
101.715 73.5898 0.638279 0.560784
100.844 75.1719 0.638279 0.560784
100.305 76.3125 0.654042 0.564706
99.1953 78.9023 0.654042 0.560784
98.1523 81.3555 0.654042 0.564706
97.3789 84.0117 0.654042 0.564706
96.9766 85.4219 0.67048 0.560784
96.3047 88.3789 0.67048 0.564706
96.0703 89.9922 0.68763 0.560784
95.9688 91.5039 0.68763 0.560784
95.832 93.1172 0.705526 0.560784
95.5312 96.1094 0.705526 0.560784
95.1602 98.9336 0.724208 0.560784
94.9922 100.379 0.724208 0.564706
94.793 101.723 0.724208 0.564706
94.5898 103 0.724208 0.564706
94.4219 104.211 0.724208 0.564706
94.2188 105.188 0.724208 0.564706
94.0508 106.16 0.724208 0.560784
93.7852 108.109 0.724208 0.564706
93.4141 110.059 0.724208 0.564706
93.1797 111.035 0.724208 0.564706
92.9102 111.977 0.724208 0.564706
92.6055 112.816 0.724208 0.564706
92.4062 113.621 0.724208 0.564706
92.168 114.328 0.724208 0.564706
92 114.898 0.724208 0.564706
91.9023 115.438 0.724208 0.564706
91.6992 115.875 0.724208 0.564706
91.5312 116.379 0.724208 0.564706
91.3633 116.918 0.724208 0.564706
91.0938 117.422 0.724208 0.564706
90.8594 118.027 0.724208 0.568627
90.5234 118.496 0.724208 0.564706
90.1875 119.066 0.724208 0.568627
89.918 119.672 0.724208 0.568627
89.582 120.211 0.724208 0.568627
89.2773 120.848 0.724208 0.568627
88.9414 121.352 0.724208 0.568627
88.6406 121.824 0.724208 0.564706
88.4727 122.293 0.724208 0.564706
88.2695 122.598 0.724208 0.564706
88.1367 123 0.743713 0.568627
87.9023 123.371 0.743713 0.564706
87.6328 123.84 0.743713 0.568627
87.3281 124.445 0.743713 0.568627
86.9258 125.051 0.743713 0.568627
86.625 125.758 0.743713 0.568627
86.2539 126.395 0.724208 0.564706
85.9531 126.965 0.724208 0.564706
85.7148 127.539 0.724208 0.564706
85.3789 127.906 0.724208 0.564706
84.8086 128.949 0.724208 0.568627
84.4727 129.387 0.743713 0.568627
84.1367 129.926 0.764952 0.568627
83.8008 130.43 0.764952 0.568627
83.0625 131.672 0.764952 0.568627
82.6914 132.312 0.764952 0.564706
82.4219 132.984 0.743713 0.564706
82.1523 133.59 0.743713 0.564706
81.8164 134.461 0.743713 0.564706
81.4492 135.102 0.743713 0.564706
81.2461 135.504 0.743713 0.564706
80.9453 135.941 0.743713 0.564706
80.6758 136.512 0.743713 0.564706
80.2383 137.051 0.743713 0.564706
79.8008 137.758 0.743713 0.564706
79.3984 138.496 0.743713 0.564706
78.9609 139.168 0.743713 0.564706
78.5586 139.84 0.743713 0.564706
77.7852 140.816 0.743713 0.564706
77.4805 141.32 0.743713 0.564706
77.1445 141.723 0.724208 0.564706
76.8438 142.262 0.724208 0.568627
76.4727 142.73 0.724208 0.564706
76.0039 143.301 0.724208 0.568627
75.5664 143.906 0.764952 0.568627
75.0938 144.477 0.764952 0.568627
74.5234 145.117 0.764952 0.568627
74.0195 145.754 0.743713 0.568627
73.4492 146.328 0.743713 0.568627
72.8086 146.965 0.743713 0.568627
72.1367 147.438 0.743713 0.568627
71.5312 147.973 0.764082 0.568627
70.8945 148.512 0.764082 0.568627
70.3555 148.949 0.764082 0.568627
69.8516 149.418 0.764082 0.568627
68.7422 149.957 0.764082 0.568627
67.6992 150.258 0.764082 0.568627
67.1953 150.258 0.764082 0.572549
65.75 150.258 0.764082 0.572549
64.9766 150.125 0.785357 0.572549
64.1719 149.824 0.785357 0.576471
63.3633 149.52 0.785357 0.576471
61.8164 148.477 0.785357 0.576471
60.6406 146.496 0.785357 0.576471
60.2734 145.117 0.805764 0.572549
60.0039 143.605 0.805764 0.572549
59.8008 141.855 0.805764 0.572549
59.6992 140.176 0.785359 0.568627
59.6328 138.496 0.785359 0.572549
59.6016 136.984 0.785359 0.568627
59.6016 135.707 0.764952 0.568627
59.6016 134.461 0.764952 0.568627
60.0703 132.242 0.745379 0.568627
60.5391 131.203 0.745379 0.568627
61.1445 130.227 0.745379 0.568627
61.75 129.254 0.765754 0.568627
62.4922 128.344 0.765754 0.564706
63.2305 127.371 0.765754 0.564706
64.1367 126.395 0.765754 0.564706
65.043 125.387 0.765754 0.564706
66.0547 124.41 0.745379 0.564706
67.2305 123.641 0.745379 0.560784
68.4414 122.934 0.745379 0.560784
69.7188 122.293 0.724208 0.560784
71.0938 121.758 0.743713 0.560784
72.2695 121.184 0.743713 0.560784
73.4492 120.715 0.743713 0.560784
75.6328 119.906 0.743713 0.560784
77.9844 119.066 0.743713 0.560784
80.3711 118.363 0.743713 0.560784
81.4805 118.059 0.724208 0.560784
84.0039 117.789 0.724208 0.560784
85.3789 117.656 0.724208 0.560784
86.8945 117.52 0.724208 0.560784
88.3398 117.254 0.724208 0.560784
91.4297 116.781 0.724208 0.560784
92.9414 116.414 0.745379 0.560784
94.457 116.074 0.745379 0.560784
96 115.57 0.745379 0.560784
99.3281 114.801 0.745379 0.560784
101.211 114.328 0.745379 0.560784
103.227 113.891 0.745379 0.564706
105.348 113.285 0.745379 0.564706
107.43 112.648 0.745379 0.564706
109.582 111.941 0.745379 0.564706
111.496 111.137 0.745379 0.568627
113.277 110.363 0.745379 0.568627
114.891 109.488 0.724208 0.572549
116.305 108.582 0.724208 0.572549
117.582 107.672 0.724208 0.572549
118.723 106.598 0.724208 0.576471
119.801 105.523 0.724208 0.576471
120.941 104.312 0.702213 0.576471
122.086 102.898 0.702213 0.576471
123.328 101.523 0.702213 0.576471
124.504 99.9414 0.702213 0.576471
125.75 98.3945 0.702213 0.576471
126.957 96.918 0.679368 0.576471
127.969 95.3359 0.679368 0.576471
128.977 93.9609 0.679368 0.580392
129.75 92.6836 0.679368 0.576471
130.32 91.4727 0.660998 0.580392
130.824 90.4648 0.660998 0.580392
131.195 89.3867 0.660998 0.580392
131.699 87.2031 0.660998 0.580392
131.934 84.7148 0.660998 0.584314
131.934 82.2617 0.643456 0.584314
131.934 81.2539 0.643456 0.584314
131.934 80.2109 0.643456 0.584314
131.629 79.3047 0.626699 0.584314
131.227 78.3984 0.626699 0.584314
130.789 77.5547 0.626699 0.584314
130.32 76.918 0.626699 0.584314
129.781 76.2461 0.626699 0.584314
129.145 75.875 0.610682 0.580392
128.402 75.6055 0.610682 0.580392
127.562 75.4727 0.587958 0.576471
126.621 75.4727 0.587958 0.572549
125.547 75.4727 0.587958 0.572549
124.539 75.6055 0.587958 0.572549
123.496 76.0117 0.587958 0.572549
122.488 76.5156 0.587958 0.568627
121.512 77.1523 0.587958 0.568627
120.504 77.8945 0.610682 0.568627
119.531 78.8008 0.610682 0.564706
118.523 79.875 0.610682 0.564706
117.512 81.0508 0.610682 0.564706
116.504 82.3984 0.626699 0.564706
115.465 83.7734 0.648953 0.564706
114.422 85.2891 0.648953 0.564706
113.414 86.9336 0.648953 0.564706
111.43 90.2266 0.648953 0.564706
110.523 91.875 0.665926 0.564706
109.648 93.4531 0.68763 0.564706
108.203 96.75 0.705526 0.564706
106.992 100.109 0.705526 0.564706
106.422 101.691 0.724208 0.564706
105.918 103.336 0.724208 0.564706
105.312 104.781 0.724208 0.564706
104.742 106.227 0.724208 0.564706
104.203 107.672 0.724208 0.564706
103.633 108.949 0.724208 0.564706
103.129 110.262 0.745379 0.564706
102.59 111.473 0.745379 0.564706
101.75 113.891 0.745379 0.564706
101.379 115 0.745379 0.564706
101.078 116.246 0.745379 0.564706
100.641 117.352 0.745379 0.564706
100.238 118.496 0.745379 0.564706
99.9688 119.672 0.745379 0.564706
99.6328 120.781 0.745379 0.564706
99.4648 121.957 0.745379 0.564706
99.2969 123.066 0.745379 0.564706
99.1289 124.176 0.745379 0.560784
99.0273 125.285 0.745379 0.564706
98.7578 126.293 0.745379 0.560784
98.5234 127.438 0.745379 0.564706
98.2891 128.547 0.765754 0.564706
98.0508 129.52 0.765754 0.564706
97.75 131.203 0.765754 0.564706
97.582 132.648 0.765754 0.564706
97.4453 133.992 0.765754 0.564706
97.3477 134.598 0.765754 0.564706
97.2461 135.301 0.765754 0.564706
97.2109 136.074 0.765754 0.564706
97.043 136.68 0.765754 0.564706
97.0117 137.352 0.765754 0.564706
96.9414 137.926 0.765754 0.564706
96.9102 138.43 0.765754 0.564706
96.9102 139 0.765754 0.564706
96.8438 139.973 0.765754 0.564706
96.8438 140.547 0.765754 0.564706
96.8438 141.082 0.765754 0.564706
96.8438 141.586 0.765754 0.564706
96.8438 142.023 0.765754 0.564706
96.8438 142.461 0.765754 0.564706
96.8438 142.898 0.765754 0.564706
96.8438 143.234 0.765754 0.564706
96.9414 143.637 0.765754 0.564706
97.1094 143.973 0.765754 0.564706
97.2461 144.379 0.785359 0.564706
97.3789 144.949 0.785359 0.564706
97.918 145.922 0.785359 0.564706
98.1875 146.293 0.785359 0.564706
98.5234 146.527 0.785359 0.564706
98.8906 146.73 0.785359 0.568627
99.1953 146.832 0.785359 0.568627
99.5664 146.965 0.785359 0.568627
100 147.066 0.785359 0.572549
100.473 147.066 0.785359 0.572549
101.012 147.066 0.785359 0.572549
101.582 147.066 0.785359 0.576471
102.355 147.066 0.785359 0.576471
103.262 146.863 0.785359 0.580392
104.406 146.43 0.785359 0.580392
105.648 145.922 0.785359 0.584314
106.992 145.219 0.785359 0.584314
108.336 144.477 0.764952 0.588235
109.75 143.672 0.764952 0.588235
111.16 142.664 0.764952 0.592157
112.641 141.621 0.764952 0.592157
114.188 140.379 0.764952 0.596078
115.699 139.102 0.764952 0.596078
117.312 137.855 0.764952 0.6
118.859 136.547 0.743713 0.6
120.504 135.402 0.743713 0.6
123.664 133.184 0.724208 0.6
125.176 132.211 0.702213 0.6
126.453 131.234 0.702213 0.6
127.629 130.496 0.702213 0.6
129.781 129.352 0.698614 0.6
130.926 128.848 0.698614 0.6
132.035 128.277 0.698614 0.6
133.176 127.738 0.698614 0.6
134.32 127.301 0.698614 0.6
135.363 126.832 0.679368 0.6
136.402 126.562 0.679368 0.6
137.379 126.293 0.679368 0.6
138.285 126.094 0.679368 0.6
139.094 126.023 0.679368 0.6
139.664 125.891 0.679368 0.6
140.301 125.855 0.679368 0.6
140.402 125.824 0.679368 0.6
140.438 125.824 0.679368 0.603922
140.438 125.824 0.679368 0.603922
140.438 125.824 0.679368 0.607843
140.438 125.824 0.679368 0.611765
140.438 125.824 0.679368 0.611765
140.438 125.824 0.679368 0.619608
140.438 125.824 0.679368 0.619608
140 125.824 0.679368 0.623529
139.328 125.855 0.679368 0.619608
138.387 126.195 0.679368 0.619608
136.133 127.133 0.679368 0.619608
134.855 127.641 0.679368 0.619608
133.512 128.242 0.679368 0.619608
132.137 128.816 0.679368 0.619608
129.648 130.328 0.679368 0.619608
128.336 131.168 0.698614 0.615686
126.992 132.242 0.698614 0.615686
125.512 133.285 0.698614 0.615686
124 134.43 0.721611 0.615686
122.723 135.504 0.721611 0.615686
121.512 136.445 0.721611 0.615686
120.473 137.32 0.721611 0.615686
119.531 138.191 0.702213 0.615686
118.691 139.133 0.702213 0.615686
117.918 140.211 0.702213 0.611765
117.211 141.32 0.724208 0.611765
116.605 142.496 0.724208 0.611765
115.969 143.57 0.743713 0.611765
115.395 144.645 0.743713 0.611765
114.926 145.723 0.743713 0.611765
114.422 146.598 0.743713 0.611765
114.086 147.539 0.743713 0.611765
113.883 148.309 0.764952 0.611765
113.781 149.688 0.764952 0.611765
113.781 151.199 0.785357 0.611765
114.188 152.176 0.785357 0.607843
114.691 152.98 0.785357 0.607843
115.43 153.754 0.785357 0.611765
116.203 154.293 0.785357 0.607843
117.145 154.664 0.806631 0.611765
118.254 154.832 0.806631 0.611765
119.531 154.832 0.785356 0.619608
121.078 154.766 0.785356 0.623529
124.336 153.824 0.785356 0.627451
126.086 153.387 0.763135 0.631373
127.73 152.848 0.763135 0.631373
129.414 152.379 0.763135 0.631373
131.027 151.805 0.763135 0.631373
132.539 151.066 0.763135 0.635294
133.984 150.191 0.739929 0.635294
135.227 149.016 0.718784 0.639216
136.402 147.805 0.718784 0.639216
137.41 146.664 0.718784 0.643137
138.254 145.418 0.718784 0.643137
139.023 144.309 0.718784 0.647059
140.168 141.891 0.741903 0.647059
140.84 140.648 0.718784 0.65098
141.48 139.27 0.698614 0.65098
142.117 137.992 0.698614 0.65098
142.688 136.578 0.698614 0.65098
143.191 135.27 0.698614 0.65098
143.629 134.094 0.698614 0.65098
143.965 132.914 0.698614 0.65098
144.234 131.941 0.698614 0.654902
144.371 130.965 0.698614 0.654902
144.438 129.957 0.698614 0.654902
144.469 129.051 0.698614 0.654902
144.469 128.043 0.698614 0.658824
144.469 127.133 0.698614 0.658824
144.469 126.262 0.698614 0.658824
144.469 125.285 0.698614 0.658824
144.469 124.48 0.698614 0.654902
144.469 123.738 0.679368 0.654902
144.402 123.203 0.679368 0.654902
144.371 122.934 0.679368 0.654902
144.27 122.664 0.679368 0.654902
144.27 122.496 0.655648 0.654902
144.27 122.227 0.674693 0.654902
144.27 122.027 0.674693 0.654902
144.27 121.992 0.655648 0.65098
144.27 121.992 0.655648 0.65098
144.27 121.992 0.655648 0.65098
144.27 121.992 0.655648 0.65098
144.234 121.992 0.655648 0.647059
144.234 121.992 0.655648 0.647059
144.102 121.992 0.655648 0.643137
144 122.227 0.655648 0.643137
143.73 122.562 0.655648 0.639216
143.43 123.133 0.655648 0.639216
143.094 123.941 0.655648 0.639216
142.688 124.883 0.655648 0.639216
142.285 126.094 0.655648 0.635294
141.781 127.438 0.655648 0.635294
141.277 128.949 0.655648 0.635294
140.809 130.496 0.655648 0.635294
140.27 132.074 0.655648 0.635294
139.797 133.723 0.655648 0.635294
139.328 135.27 0.655648 0.631373
138.855 136.746 0.679368 0.635294
138.488 138.191 0.679368 0.631373
138.086 139.504 0.679368 0.635294
137.781 140.816 0.679368 0.631373
137.512 142.16 0.679368 0.635294
137.242 143.336 0.679368 0.631373
136.773 145.586 0.698614 0.635294
136.473 147.469 0.698614 0.635294
136.371 148.277 0.698614 0.635294
136.301 149.051 0.698614 0.631373
136.168 149.824 0.718784 0.635294
136.102 150.562 0.718784 0.635294
136 151.367 0.718784 0.635294
135.934 152.176 0.718784 0.635294
135.934 152.98 0.718784 0.635294
135.934 153.723 0.718784 0.635294
135.934 154.328 0.718784 0.635294
136 154.832 0.739929 0.631373
136.203 155.199 0.739929 0.631373
136.605 155.605 0.739929 0.631373
137.109 156.074 0.739929 0.631373
138.285 156.949 0.739929 0.631373
138.891 157.285 0.739929 0.635294
139.629 157.52 0.739929 0.635294
140.438 157.688 0.739929 0.635294
141.344 157.688 0.739929 0.639216
142.453 157.555 0.739929 0.639216
143.664 156.883 0.739929 0.643137
144.941 155.871 0.739929 0.643137
146.219 154.73 0.739929 0.647059
147.395 153.387 0.739929 0.647059
148.504 152.109 0.739929 0.65098
149.41 150.863 0.739929 0.65098
150.25 149.688 0.739929 0.65098
150.957 148.477 0.739929 0.65098
151.598 147 0.739929 0.65098
152.301 145.453 0.718784 0.65098
153.008 143.738 0.718784 0.654902
153.68 142.023 0.718784 0.654902
154.32 140.48 0.718784 0.654902
154.824 138.898 0.698614 0.654902
155.328 137.418 0.698614 0.654902
155.863 135.941 0.698614 0.654902
156.438 134.395 0.698614 0.654902
157.008 132.949 0.698614 0.654902
157.578 131.672 0.698614 0.654902
158.184 130.562 0.698614 0.65098
158.891 129.621 0.698614 0.65098
159.629 128.715 0.698614 0.65098
160.402 127.941 0.698614 0.65098
161.277 127.234 0.674693 0.65098
162.219 126.598 0.674693 0.65098
163.09 126.125 0.674693 0.647059
163.898 125.656 0.655648 0.647059
164.703 125.352 0.655648 0.647059
165.445 125.219 0.679368 0.647059
166.082 125.117 0.679368 0.647059
166.656 125.117 0.679368 0.647059
167.426 125.117 0.679368 0.643137
168.133 125.992 0.679368 0.643137
168.57 126.699 0.679368 0.643137
168.906 127.469 0.679368 0.643137
169.242 128.379 0.679368 0.643137
169.547 129.422 0.679368 0.643137
169.715 130.461 0.679368 0.643137
169.848 131.707 0.698614 0.643137
169.883 132.984 0.698614 0.643137
169.914 134.395 0.698614 0.643137
169.914 137.219 0.698614 0.643137
169.914 138.695 0.698614 0.643137
169.812 140.242 0.698614 0.643137
169.477 141.789 0.698614 0.643137
168.637 145.051 0.721611 0.643137
168.234 146.527 0.721611 0.643137
167.832 147.941 0.698614 0.643137
167.426 149.016 0.698614 0.643137
167.125 150.059 0.718784 0.643137
166.723 151.031 0.718784 0.647059
166.352 151.973 0.718784 0.647059
166.051 152.949 0.718784 0.647059
165.68 153.754 0.718784 0.647059
165.008 155.367 0.739929 0.647059
164.672 156.043 0.739929 0.647059
164.367 156.68 0.739929 0.647059
164.031 157.117 0.739929 0.647059
163.797 157.418 0.739929 0.647059
163.629 157.688 0.739929 0.647059
163.562 157.789 0.739929 0.647059
163.562 157.855 0.739929 0.65098
163.496 157.855 0.739929 0.647059
163.496 157.922 0.739929 0.65098
163.461 157.922 0.739929 0.65098
163.461 157.922 0.739929 0.65098
163.461 157.922 0.739929 0.65098
163.461 157.855 0.739929 0.65098
163.461 157.52 0.739929 0.654902
163.527 157.016 0.739929 0.654902
163.73 156.68 0.739929 0.654902
163.934 156.41 0.739929 0.65098
164.031 156.277 0.739929 0.65098
164.102 156.242 0.739929 0.65098
164.102 156.141 0.739929 0.65098
164.102 156.141 0.739929 0.65098
164.102 156.141 0.739929 0.65098
164.102 156.141 0.739929 0.65098
164.102 156.109 0.739929 0.65098
164.102 156.109 0.739929 0.65098
164.102 156.109 0.739929 0.65098
164.102 156.109 0.739929 0.65098
164.102 156.109 0.739929 0.65098
164.102 156.109 0.739929 0.65098
164.102 156.109 0.739929 0.65098
164.102 156.109 0.739929 0.647059
164.102 156.109 0.739929 0.647059
164.102 156.109 0.739929 0.647059
164.102 156.109 0.739929 0.647059
164.102 156.109 0.739929 0.647059
164.102 156.109 0.739929 0.647059
164.102 156.109 0.739929 0.647059
164.102 156.109 0.739929 0.647059
164.102 156.109 0.739929 0.647059
164.102 156.109 0.739929 0.647059
164.102 156.074 0.739929 0.65098
164.102 156.074 0.739929 0.65098
164.102 156.074 0.739929 0.65098
164.133 156.074 0.739929 0.65098
164.133 156.074 0.739929 0.647059
164.133 156.074 0.739929 0.647059
164.133 156.074 0.739929 0.647059
164.133 156.074 0.739929 0.647059
164.133 156.074 0.739929 0.647059
164.133 156.074 0.739929 0.65098
164.133 156.074 0.739929 0.65098
164.133 156.074 0.739929 0.65098
164.133 156.074 0.739929 0.65098
164.133 156.074 0.739929 0.65098
164.133 156.074 0.739929 0.65098
164.133 156.074 0.739929 0.65098
164.133 156.074 0.739929 0.65098
164.133 156.074 0.739929 0.65098
164.133 156.074 0.739929 0.65098
164.133 156.074 0.739929 0.65098
164.133 156.074 0.739929 0.65098
164.133 156.074 0.739929 0.65098
164.066 156.074 0.739929 0.65098
164.066 156.074 0.739929 0.65098
164.066 156.074 0.739929 0.65098
164.066 156.074 0.739929 0.65098
164.066 156.141 0.739929 0.65098
164.066 156.176 0.739929 0.65098
164 156.211 0.739929 0.65098
164 156.309 0.739929 0.65098
163.863 156.477 0.739929 0.65098
163.766 156.578 0.739929 0.65098
163.766 156.645 0.739929 0.65098
163.664 156.68 0.739929 0.65098
163.598 156.715 0.739929 0.65098
163.598 156.746 0.739929 0.65098
163.598 156.746 0.739929 0.65098
163.598 156.781 0.739929 0.65098
163.562 156.781 0.739929 0.65098
163.562 156.848 0.739929 0.65098
163.527 156.848 0.739929 0.65098
163.527 156.883 0.739929 0.65098
163.527 156.949 0.739929 0.65098
163.461 156.98 0.739929 0.65098
163.395 157.082 0.739929 0.65098
163.258 157.148 0.739929 0.654902
163.191 157.352 0.739929 0.654902
163.191 157.352 0.739929 0.654902
163.191 157.387 0.739929 0.654902
163.16 157.387 0.739929 0.654902
163.125 157.387 0.739929 0.654902
163.125 157.387 0.739929 0.654902
163.125 157.387 0.739929 0.654902
163.125 157.387 0.739929 0.654902
163.125 157.387 0.739929 0.654902
163.125 157.387 0.739929 0.654902
163.09 157.387 0.739929 0.654902
163.09 157.387 0.739929 0.654902
163.09 157.418 0.739929 0.654902
163.09 157.418 0.739929 0.654902
163.09 157.453 0.739929 0.654902
163.09 157.453 0.739929 0.654902
163.09 157.453 0.739929 0.654902
163.09 157.52 0.739929 0.65098
163.09 157.52 0.739929 0.65098
163.09 157.586 0.739929 0.65098
163.059 157.586 0.739929 0.65098
163.059 157.586 0.739929 0.65098
163.059 157.586 0.739929 0.654902
163.059 157.586 0.739929 0.654902
163.059 157.586 0.739929 0.654902
163.059 157.586 0.739929 0.654902
163.059 157.586 0.739929 0.654902
163.059 157.586 0.739929 0.654902
163.059 157.586 0.739929 0.654902
163.059 157.586 0.739929 0.654902
163.059 157.586 0.739929 0.654902
163.059 157.586 0.739929 0.654902
163.059 157.586 0.739929 0.654902
163.059 157.586 0.739929 0.654902
163.059 157.586 0.739929 0.658824
163.059 157.586 0.739929 0.658824
163.059 157.586 0.739929 0.658824
163.059 157.586 0.739929 0.658824
163.059 157.586 0.739929 0.658824
163.059 157.586 0.739929 0.658824
163.059 157.586 0.739929 0.658824
163.059 157.586 0.739929 0.658824
163.059 157.586 0.739929 0.658824
163.059 157.586 0.739929 0.658824
163.059 157.586 0.739929 0.658824
163.059 157.586 0.739929 0.658824
163.059 157.586 0.739929 0.658824
163.023 157.586 0.739929 0.658824
163.023 157.586 0.739929 0.658824
163.023 157.586 0.739929 0.658824
163.023 157.586 0.739929 0.658824
163.023 157.586 0.739929 0.658824
163.023 157.586 0.739929 0.658824
163.023 157.586 0.739929 0.658824
163.023 157.586 0.739929 0.658824
163.023 157.586 0.739929 0.658824
163.023 157.586 0.739929 0.658824
163.023 157.586 0.739929 0.654902
163.023 157.586 0.739929 0.654902
163.023 157.586 0.739929 0.658824
163.023 157.586 0.739929 0.658824
163.023 157.586 0.739929 0.658824
163.023 157.586 0.739929 0.658824
163.023 157.586 0.739929 0.658824
163.023 157.586 0.739929 0.658824
163.023 157.586 0.739929 0.658824
163.023 157.586 0.739929 0.658824
163.023 157.586 0.739929 0.658824
163.023 157.586 0.739929 0.658824
163.023 157.586 0.739929 0.658824
163.023 157.586 0.739929 0.658824
163.023 157.586 0.739929 0.658824
163.023 157.586 0.739929 0.658824
163.023 157.586 0.739929 0.658824
163.023 157.586 0.739929 0.658824
163.023 157.586 0.739929 0.658824
162.992 157.586 0.739929 0.658824
162.992 157.586 0.739929 0.658824
162.992 157.586 0.739929 0.658824
162.824 157.688 0.739929 0.658824
162.656 157.723 0.739929 0.658824
162.586 157.824 0.739929 0.658824
162.52 157.824 0.739929 0.658824
162.52 157.824 0.739929 0.658824
162.52 157.824 0.739929 0.658824
162.52 157.824 0.739929 0.658824
162.52 157.824 0.739929 0.658824
162.52 157.824 0.739929 0.662745
162.52 157.824 0.739929 0.662745
162.52 157.824 0.739929 0.662745
162.52 157.824 0.739929 0.662745
162.52 157.824 0.739929 0.662745
162.52 157.855 0.739929 0.662745
162.52 157.855 0.739929 0.662745
162.52 157.855 0.739929 0.662745
162.52 157.855 0.739929 0.662745
162.488 157.855 0.739929 0.662745
162.418 157.754 0.739929 0.662745
162.418 157.656 0.739929 0.662745
162.418 157.586 0.739929 0.662745
162.418 157.453 0.739929 0.662745
162.418 157.352 0.739929 0.662745
162.418 157.016 0.739929 0.662745
162.418 156.547 0.739929 0.662745
162.656 156.008 0.739929 0.658824
163.461 154.258 0.739929 0.658824
163.934 153.117 0.739929 0.658824
164.438 152.008 0.739929 0.658824
164.941 150.934 0.739929 0.658824
165.344 149.855 0.739929 0.658824
165.746 148.949 0.739929 0.658824
166.051 148.043 0.718784 0.658824
166.387 147.102 0.718784 0.658824
166.723 146.125 0.718784 0.658824
167.023 144.949 0.718784 0.658824
167.496 143.672 0.718784 0.658824
167.965 142.262 0.718784 0.658824
168.469 140.883 0.698614 0.658824
168.906 139.605 0.698614 0.658824
169.277 138.527 0.698614 0.658824
169.578 137.758 0.698614 0.658824
170.148 136.547 0.698614 0.658824
170.418 136.008 0.698614 0.658824
170.789 135.371 0.679368 0.654902
171.293 134.73 0.679368 0.654902
171.93 134.191 0.679368 0.654902
172.605 133.555 0.679368 0.654902
173.309 133.051 0.679368 0.654902
174.051 132.41 0.679368 0.654902
174.922 131.805 0.679368 0.654902
176.805 130.562 0.679368 0.654902
177.746 130.16 0.679368 0.65098
179.328 129.488 0.674693 0.65098
180.066 129.254 0.674693 0.65098
180.637 128.949 0.674693 0.65098
181.277 128.68 0.674693 0.65098
181.949 128.41 0.674693 0.65098
182.652 128.074 0.674693 0.65098
183.496 127.773 0.674693 0.65098
184.199 127.402 0.674693 0.65098
184.906 127.133 0.674693 0.65098
185.914 126.934 0.655648 0.65098
186.25 126.934 0.655648 0.65098
186.418 126.934 0.63103 0.65098
186.555 126.934 0.63103 0.65098
186.754 126.934 0.63103 0.65098
186.891 126.934 0.63103 0.65098
187.293 126.965 0.63103 0.65098
187.695 127.168 0.63103 0.65098
188.098 127.504 0.63103 0.65098
188.738 128.312 0.63103 0.65098
188.938 128.816 0.63103 0.65098
189.039 129.422 0.63103 0.65098
189.039 130.094 0.63103 0.65098
189.039 130.898 0.649821 0.65098
189.039 131.672 0.649821 0.65098
188.738 132.547 0.649821 0.65098
188.469 133.422 0.649821 0.65098
188.168 134.16 0.649821 0.65098
187.527 135.805 0.649821 0.65098
187.125 136.68 0.63103 0.65098
186.723 137.656 0.63103 0.65098
186.148 138.527 0.63103 0.65098
185.711 139.371 0.63103 0.65098
185.277 140.109 0.63103 0.65098
184.84 140.816 0.63103 0.65098
184.469 141.488 0.63103 0.65098
184 142.059 0.63103 0.65098
183.258 143.438 0.655648 0.65098
182.922 144.211 0.674693 0.65098
182.688 145.051 0.674693 0.65098
182.148 146.43 0.674693 0.65098
181.98 147.102 0.674693 0.65098
181.781 147.707 0.674693 0.65098
181.645 148.445 0.674693 0.65098
181.512 149.152 0.69469 0.65098
181.277 150.73 0.69469 0.65098
181.176 151.535 0.69469 0.65098
181.176 152.445 0.69469 0.65098
181.176 154.09 0.69469 0.65098
181.176 154.832 0.715695 0.65098
181.176 155.438 0.739929 0.65098
181.176 156.043 0.739929 0.65098
181.176 156.613 0.739929 0.65098
181.176 157.418 0.739929 0.65098
181.242 157.656 0.739929 0.65098
181.309 157.891 0.739929 0.65098
181.578 158.461 0.739929 0.65098
181.781 158.695 0.739929 0.65098
181.98 158.863 0.739929 0.65098
182.25 158.898 0.739929 0.65098
182.621 158.934 0.739929 0.654902
183.664 158.934 0.739929 0.654902
184.469 158.629 0.739929 0.654902
185.375 157.992 0.715695 0.658824
186.453 157.184 0.715695 0.658824
187.594 156.008 0.715695 0.658824
188.871 154.797 0.715695 0.658824
190.215 153.418 0.715695 0.658824
193.273 150.293 0.715695 0.658824
195.023 148.477 0.690396 0.658824
196.84 146.863 0.669589 0.658824
198.652 145.418 0.643449 0.658824
201.777 142.934 0.643449 0.658824
204.098 140.68 0.643449 0.658824
205.309 139.57 0.623972 0.658824
206.52 138.461 0.623972 0.658824
207.863 137.488 0.623972 0.658824
209.105 136.547 0.623972 0.658824
210.418 135.707 0.623972 0.658824
211.762 135.035 0.605494 0.658824
213.039 134.359 0.605494 0.658824
214.352 133.926 0.605494 0.658824
216.77 133.387 0.623972 0.658824
217.945 133.285 0.597123 0.658824
219.09 133.117 0.597123 0.658824
220.23 132.984 0.597123 0.658824
221.441 132.914 0.597123 0.658824
222.785 132.781 0.597123 0.658824
224.266 132.715 0.597123 0.658824
227.121 132.512 0.597123 0.658824
229.207 132.512 0.597123 0.658824
229.812 132.512 0.597123 0.658824
230.18 132.512 0.597123 0.658824
230.316 132.512 0.597123 0.658824
230.383 132.512 0.597123 0.658824
230.383 132.512 0.597123 0.658824
230.449 132.512 0.597123 0.658824
230.52 132.547 0.597123 0.658824
230.551 132.547 0.597123 0.658824
230.551 132.547 0.597123 0.658824
230.316 132.547 0.597123 0.662745
229.746 132.715 0.597123 0.662745
228.938 132.883 0.597123 0.662745
227.828 133.152 0.597123 0.662745
226.352 133.422 0.597123 0.662745
224.738 133.789 0.597123 0.662745
223.156 134.293 0.597123 0.662745
221.578 134.797 0.597123 0.662745
218.887 136.074 0.597123 0.662745
217.512 136.848 0.597123 0.662745
216.234 137.723 0.597123 0.658824
214.887 138.695 0.597123 0.658824
213.609 139.773 0.623972 0.658824
212.266 140.848 0.623972 0.658824
210.957 141.957 0.623972 0.658824
209.711 143.102 0.623972 0.658824
208.469 144.176 0.623972 0.658824
206.383 146.359 0.623972 0.658824
205.512 147.367 0.623972 0.662745
204.805 148.41 0.623972 0.662745
204.098 149.352 0.623972 0.662745
203.562 150.328 0.643449 0.662745
203.125 151.301 0.643449 0.662745
202.688 152.211 0.643449 0.662745
202.316 153.184 0.669589 0.662745
201.98 154.09 0.669589 0.662745
201.543 156.043 0.690396 0.666667
201.543 156.949 0.690396 0.666667
201.543 157.855 0.715695 0.666667
201.543 158.664 0.715695 0.666667
201.949 159.336 0.715695 0.666667
202.418 159.941 0.690396 0.666667
202.988 160.309 0.690396 0.666667
203.695 160.781 0.712307 0.670588
204.5 161.219 0.685676 0.670588
206.316 161.621 0.685676 0.670588
207.359 161.621 0.685676 0.67451
208.535 161.418 0.685676 0.678431
210.988 160.242 0.685676 0.682353
212.266 159.535 0.685676 0.686275
213.441 158.629 0.685676 0.686275
214.789 157.586 0.685676 0.686275
216.199 156.445 0.685676 0.686275
219.258 153.387 0.685676 0.690196
220.906 151.469 0.663994 0.690196
222.617 149.32 0.663994 0.690196
224.332 147.031 0.663994 0.694118
225.879 144.68 0.663994 0.694118
227.324 142.43 0.663994 0.694118
228.602 140.277 0.643449 0.694118
229.676 138.16 0.643449 0.694118
230.719 136.109 0.643449 0.694118
232.902 131.504 0.623972 0.694118
234.215 128.984 0.597123 0.694118
235.695 126.227 0.597123 0.694118
238.617 121.152 0.597123 0.694118
239.895 118.934 0.597123 0.694118
240.938 116.949 0.579022 0.694118
241.711 114.867 0.605494 0.698039
242.516 112.816 0.605494 0.698039
244.031 108.445 0.605494 0.698039
244.871 106.43 0.579022 0.694118
245.711 104.344 0.579022 0.694118
246.551 102.531 0.579022 0.690196
248.332 99.1016 0.579022 0.690196
249.172 97.6562 0.579022 0.690196
249.945 96.2461 0.579022 0.690196
250.719 94.9688 0.579022 0.690196
251.457 93.7227 0.5516 0.690196
252.098 92.4805 0.5516 0.690196
252.734 91.4062 0.5516 0.690196
253.238 90.3281 0.5516 0.686275
253.676 89.3555 0.5516 0.686275
254.414 87.8438 0.5516 0.682353
254.719 87.4062 0.534902 0.682353
254.887 87.0352 0.534902 0.682353
254.988 86.8672 0.534902 0.682353
255.09 86.8672 0.534902 0.682353
255.09 86.832 0.534902 0.678431
255.09 86.832 0.507043 0.670588
255.09 87.1016 0.507043 0.670588
254.316 88.1797 0.507043 0.670588
253.676 88.9492 0.507043 0.670588
252.902 89.9609 0.534902 0.670588
251.961 91.2031 0.534902 0.670588
250.922 92.8164 0.534902 0.670588
249.645 94.7305 0.534902 0.666667
248.23 97.0195 0.5516 0.666667
246.754 99.6406 0.5516 0.666667
245.238 102.297 0.5516 0.666667
242.754 107.605 0.5516 0.666667
241.676 110.027 0.579022 0.662745
240.734 112.445 0.579022 0.662745
239.762 114.801 0.579022 0.666667
238.82 117.086 0.579022 0.666667
237.879 119.371 0.579022 0.666667
236.902 121.555 0.579022 0.670588
235.055 125.824 0.579022 0.67451
233.34 129.758 0.579022 0.67451
232.566 131.539 0.579022 0.678431
231.863 133.219 0.579022 0.678431
230.418 136.379 0.579022 0.678431
229.676 137.957 0.579022 0.682353
228.906 139.402 0.579022 0.682353
228.301 140.816 0.579022 0.682353
227.66 142.16 0.579022 0.686275
226.586 144.547 0.597123 0.682353
226.047 145.586 0.623972 0.686275
225.645 146.598 0.623972 0.686275
225.309 147.57 0.623972 0.686275
225.074 148.445 0.623972 0.686275
224.805 150.09 0.623972 0.686275
224.77 150.832 0.643449 0.686275
224.77 151.637 0.643449 0.686275
224.77 153.25 0.643449 0.686275
224.77 154.227 0.643449 0.686275
224.77 155.27 0.643449 0.686275
224.973 156.344 0.643449 0.686275
225.273 157.184 0.643449 0.686275
225.711 157.992 0.663994 0.686275
226.113 158.664 0.663994 0.686275
226.617 159.168 0.636453 0.686275
227.055 159.637 0.636453 0.686275
227.965 160.039 0.636453 0.686275
228.434 160.176 0.636453 0.690196
228.871 160.176 0.636453 0.694118
229.375 160.176 0.636453 0.694118
229.844 160.176 0.636453 0.694118
230.352 159.906 0.636453 0.694118
231.055 159.672 0.636453 0.698039
231.797 159.199 0.663994 0.694118
232.668 158.664 0.663994 0.698039
234.484 157.082 0.663994 0.698039
235.426 156.074 0.663994 0.698039
236.301 154.766 0.663994 0.701961
237.172 153.387 0.663994 0.701961
238.012 151.805 0.663994 0.701961
238.82 150.16 0.663994 0.701961
239.594 148.613 0.663994 0.698039
240.398 147 0.663994 0.698039
241.207 145.52 0.643449 0.698039
243.09 142.059 0.643449 0.698039
244.098 140.109 0.643449 0.698039
245.07 138.16 0.643449 0.698039
246.988 134.934 0.623972 0.694118
247.863 133.59 0.597123 0.694118
248.734 132.41 0.597123 0.694118
249.508 131.27 0.597123 0.694118
250.316 130.395 0.597123 0.694118
251.594 129.254 0.597123 0.694118
252.098 128.949 0.597123 0.690196
252.465 128.68 0.597123 0.690196
253.508 128.48 0.597123 0.690196
254.078 128.445 0.597123 0.690196
254.754 128.445 0.569258 0.690196
255.426 128.648 0.569258 0.686275
256.031 129.152 0.569258 0.686275
256.566 129.789 0.569258 0.686275
256.836 130.496 0.569258 0.686275
256.938 132.379 0.569258 0.686275
256.938 133.488 0.569258 0.686275
256.703 134.629 0.569258 0.686275
255.691 136.848 0.569258 0.686275
255.055 137.957 0.569258 0.686275
254.316 138.934 0.569258 0.686275
253.574 139.941 0.569258 0.686275
251.996 141.754 0.569258 0.686275
251.258 142.797 0.569258 0.686275
250.418 143.773 0.597123 0.686275
249.676 144.848 0.597123 0.686275
249.07 145.891 0.597123 0.686275
248.434 146.965 0.616243 0.686275
247.863 148.074 0.616243 0.686275
247.223 149.117 0.616243 0.686275
245.844 151.27 0.616243 0.686275
245.207 152.277 0.616243 0.686275
244.031 154.191 0.616243 0.686275
243.359 156.344 0.663994 0.686275
243.223 157.555 0.663994 0.686275
243.223 158.898 0.663994 0.686275
243.223 160.242 0.663994 0.686275
243.223 161.52 0.685676 0.686275
243.324 162.762 0.685676 0.686275
243.527 163.738 0.685676 0.686275
244.23 165.25 0.708573 0.686275
245.34 165.82 0.735389 0.686275
246.18 165.82 0.708573 0.690196
247.527 165.82 0.732761 0.690196
249.273 165.723 0.732761 0.694118
251.289 165.285 0.732761 0.694118
253.508 164.812 0.732761 0.694118
255.625 164.176 0.732761 0.694118
259.289 162.898 0.680465 0.694118
261.98 161.316 0.680465 0.694118
263.121 160.309 0.651018 0.698039
264.129 159.133 0.651018 0.698039
265.711 156.715 0.651018 0.698039
266.281 155.703 0.598358 0.698039
266.652 154.934 0.598358 0.694118
266.953 153.922 0.598358 0.698039
266.953 153.488 0.577842 0.698039
266.953 153.488 0.577842 0.698039
266.953 153.453 0.577842 0.694118
266.953 153.352 0.577842 0.694118
266.953 153.285 0.577842 0.694118
266.785 153.285 0.577842 0.694118
266.18 153.285 0.577842 0.694118
265.375 153.754 0.577842 0.690196
264.902 154.395 0.577842 0.686275
264.363 155 0.577842 0.686275
263.457 156.949 0.577842 0.686275
263.121 158.023 0.577842 0.686275
262.918 159.168 0.577842 0.682353
262.684 161.387 0.598358 0.682353
262.719 163.367 0.598358 0.682353
263.223 164.242 0.620188 0.682353
263.895 165.016 0.620188 0.682353
264.801 165.754 0.620188 0.682353
265.844 166.496 0.643439 0.682353
266.887 166.965 0.643439 0.686275
267.93 167.301 0.643439 0.686275
269.004 167.336 0.643439 0.690196
270.316 167.336 0.643439 0.690196
273.039 166.797 0.643439 0.690196
274.215 166.258 0.61066 0.694118
275.223 165.621 0.61066 0.694118
276.098 164.812 0.61066 0.698039
277.004 163.871 0.61066 0.694118
277.879 162.562 0.61066 0.698039
278.887 161.051 0.61066 0.698039
279.895 159.402 0.61066 0.698039
280.801 157.656 0.587938 0.694118
282.18 154.258 0.587938 0.698039
282.617 152.613 0.587938 0.698039
282.918 150.832 0.566666 0.698039
283.492 146.965 0.566666 0.698039
283.727 144.848 0.514387 0.698039
283.996 142.934 0.514387 0.698039
284.297 141.219 0.514387 0.698039
284.531 139.57 0.49636 0.698039
284.938 137.051 0.49636 0.698039
285.035 136.074 0.49636 0.698039
285.172 135.402 0.479458 0.698039
285.203 134.898 0.479458 0.698039
285.203 134.629 0.479458 0.698039
285.238 134.527 0.479458 0.698039
285.238 134.461 0.479458 0.698039
285.238 134.461 0.479458 0.698039
285.238 134.395 0.479458 0.694118
285.238 134.395 0.479458 0.694118
285.203 134.359 0.479458 0.694118
285.035 134.328 0.479458 0.694118
284.867 134.328 0.479458 0.694118
284.434 134.328 0.479458 0.694118
284.262 134.395 0.479458 0.690196
283.859 134.766 0.479458 0.690196
283.727 135.035 0.479458 0.690196
283.59 135.203 0.479458 0.686275
283.492 135.707 0.479458 0.686275
283.391 136.512 0.479458 0.686275
283.223 137.051 0.479458 0.682353
283.121 137.855 0.479458 0.686275
283.055 138.832 0.479458 0.686275
283.02 139.707 0.479458 0.686275
283.02 140.68 0.479458 0.686275
283.02 141.555 0.479458 0.686275
283.691 143.168 0.479458 0.686275
284.801 144.41 0.479458 0.686275
285.371 144.746 0.479458 0.686275
286.113 144.984 0.479458 0.686275
286.887 145.082 0.479458 0.690196
287.625 145.082 0.479458 0.690196
288.566 145.082 0.479458 0.690196
289.508 145.016 0.479458 0.690196
291.926 144.043 0.479458 0.690196
294.816 142.527 0.479458 0.690196
296.363 141.891 0.479458 0.690196
297.707 141.117 0.479458 0.690196
298.984 140.445 0.479458 0.694118
300.027 139.605 0.479458 0.694118
301.07 138.664 0.479458 0.694118
302.211 137.758 0.479458 0.694118
304.363 135.906 0.479458 0.694118
305.742 134.766 0.447456 0.690196
306.211 134.527 0.447456 0.690196
306.516 134.227 0.479458 0.690196
306.883 134.125 0.479458 0.686275
307.223 134.059 0.479458 0.686275
307.758 134.023 0.479458 0.686275
307.895 134.262 0.479458 0.682353
308.129 134.898 0.479458 0.682353
308.262 135.805 0.479458 0.682353
308.398 136.816 0.479458 0.682353
308.465 137.992 0.479458 0.682353
308.465 139.336 0.479458 0.682353
308.465 140.781 0.479458 0.682353
308.465 142.43 0.479458 0.682353
308.465 144.141 0.479458 0.682353
308.062 146.125 0.479458 0.682353
307.051 150.258 0.479458 0.682353
306.043 154.16 0.49636 0.682353
305.539 155.906 0.514387 0.682353
305.004 157.555 0.514387 0.686275
303.793 160.645 0.514387 0.686275
302.984 162.16 0.533642 0.686275
302.18 163.703 0.533642 0.686275
300.734 166.594 0.55424 0.686275
299.59 168.848 0.55424 0.686275
299.188 169.586 0.576307 0.686275
298.984 170.059 0.576307 0.686275
298.887 170.227 0.59998 0.690196
298.887 170.227 0.59998 0.694118
298.887 170.227 0.59998 0.694118
298.887 168.98 0.59998 0.694118
300.43 166.227 0.59998 0.694118
301.809 164.141 0.59998 0.694118
303.523 161.754 0.59998 0.690196
306.816 155.871 0.576307 0.690196
308.094 152.715 0.55424 0.682353
309.035 149.453 0.55424 0.670588
310.379 143.84 0.533642 0.662745
311.523 140.277 0.514387 0.658824
312.062 139.035 0.49636 0.658824
312.664 138.094 0.49636 0.654902
313.27 137.184 0.479458 0.654902
313.875 136.379 0.479458 0.654902
314.547 135.605 0.479458 0.654902
315.121 134.73 0.479458 0.654902
316.465 133.285 0.479458 0.654902
317.34 132.613 0.447456 0.654902
317.406 132.48 0.447456 0.654902
317.473 132.48 0.447456 0.654902
317.473 132.48 0.447456 0.65098
317.473 132.48 0.447456 0.654902
317.508 132.48 0.447456 0.654902
317.508 132.48 0.447456 0.654902
317.508 132.48 0.447456 0.654902
317.508 132.48 0.447456 0.654902
317.508 132.578 0.447456 0.654902
317.508 133.621 0.447456 0.654902
317.508 134.496 0.447456 0.658824
317.508 136.68 0.447456 0.662745
317.508 137.758 0.447456 0.662745
317.875 139.707 0.447456 0.666667
318.109 140.48 0.447456 0.666667
318.48 141.219 0.447456 0.666667
319.793 142.227 0.447456 0.670588
321.07 142.461 0.447456 0.67451
322.75 142.461 0.447456 0.678431
327.051 142.461 0.447456 0.682353
329.238 142.328 0.447456 0.682353
333.504 141.586 0.447456 0.682353
335.453 140.848 0.414441 0.686275
337.305 140.141 0.414441 0.686275
340.16 138.629 0.414441 0.690196
341.875 137.59 0.380439 0.690196
342.445 137.25 0.380439 0.690196
342.68 136.883 0.380439 0.690196
343.051 136.48 0.380439 0.694118
343.117 136.312 0.345486 0.694118
343.219 136.242 0.345486 0.694118
343.32 136.145 0.345486 0.694118
343.488 136.074 0.345486 0.694118
343.555 136.008 0.345486 0.694118
343.59 135.941 0.345486 0.694118
343.621 135.875 0.345486 0.694118
343.621 135.805 0.345486 0.694118
343.621 135.805 0.345486 0.694118
343.621 135.805 0.333177 0.694118
343.422 135.805 0.333177 0.698039
343.254 135.805 0.333177 0.701961
343.051 135.805 0.333177 0.701961
342.816 135.805 0.333177 0.701961
342.547 135.805 0.333177 0.701961
342.246 135.84 0.333177 0.701961
341.875 135.973 0.367108 0.701961
341.305 136.312 0.367108 0.701961
340.934 136.578 0.367108 0.701961
340.699 136.715 0.367108 0.701961
340.496 137.016 0.367108 0.698039
340.195 137.25 0.367108 0.698039
339.859 137.621 0.367108 0.698039
339.523 137.891 0.367108 0.701961
339.117 138.16 0.367108 0.701961
338.145 138.832 0.380439 0.701961
337.203 139.805 0.380439 0.701961
336.699 140.242 0.414441 0.701961
336.328 140.715 0.414441 0.701961
335.926 141.117 0.414441 0.701961
335.523 141.586 0.414441 0.701961
335.219 142.191 0.414441 0.701961
334.715 142.766 0.414441 0.701961
333.641 144.309 0.414441 0.701961
332.562 145.891 0.414441 0.705882
332.027 146.496 0.414441 0.705882
331.656 147.133 0.414441 0.705882
331.285 147.672 0.414441 0.705882
330.883 148.176 0.447456 0.705882
330.211 149.352 0.447456 0.705882
329.875 150.09 0.463583 0.705882
329.504 150.934 0.463583 0.705882
328.633 152.547 0.463583 0.709804
328.129 153.25 0.463583 0.709804
327.723 153.891 0.49636 0.709804
327.387 154.527 0.49636 0.709804
327.121 155.031 0.514387 0.709804
326.582 156.141 0.514387 0.709804
326.277 156.68 0.514387 0.709804
325.875 157.352 0.514387 0.709804
325.168 158.664 0.514387 0.709804
324.801 159.336 0.514387 0.709804
324.566 159.906 0.514387 0.709804
324.363 160.547 0.514387 0.709804
324.16 161.117 0.533642 0.709804
324.027 161.789 0.533642 0.709804
323.891 162.527 0.533642 0.709804
323.625 164.176 0.533642 0.709804
323.422 166.227 0.55424 0.709804
323.387 167.402 0.55424 0.709804
323.387 168.445 0.55424 0.709804
323.387 169.52 0.576307 0.709804
323.387 170.426 0.576307 0.709804
323.859 172.309 0.576307 0.709804
324.363 173.016 0.576307 0.713726
325 173.652 0.576307 0.713726
325.809 174.023 0.576307 0.713726
326.715 174.258 0.576307 0.717647
327.656 174.359 0.576307 0.721569
328.633 174.359 0.576307 0.721569
329.707 174.359 0.576307 0.721569
330.883 174.324 0.519076 0.72549
334.043 173.117 0.519076 0.72549
335.961 172.039 0.519076 0.729412
338.344 170.863 0.48244 0.729412
340.898 169.586 0.48244 0.729412
343.422 168.207 0.48244 0.729412
345.91 166.863 0.48244 0.729412
348.125 165.352 0.48244 0.729412
350.211 163.637 0.444343 0.733333
354.613 158.965 0.444343 0.733333
359.555 152.68 0.444343 0.737255
362.242 149.32 0.388243 0.737255
364.832 146.191 0.388243 0.733333
367.32 143.301 0.372914 0.737255
369.539 140.547 0.358699 0.733333
371.352 137.891 0.358699 0.737255
372.965 135.203 0.321677 0.737255
375.387 129.52 0.309632 0.737255
376.461 126.664 0.309632 0.737255
377.539 123.773 0.309632 0.737255
379.855 118.125 0.29843 0.737255
381.941 113.184 0.29843 0.733333
382.816 111.066 0.29843 0.733333
383.555 108.949 0.29843 0.733333
384.328 106.898 0.29843 0.733333
384.934 104.883 0.29843 0.733333
385.57 103.035 0.29843 0.733333
386.141 101.488 0.29843 0.733333
387.32 98.8672 0.29843 0.733333
387.891 97.6562 0.29843 0.733333
389 95.2383 0.29843 0.733333
389.402 94.0586 0.29843 0.733333
389.875 93.0508 0.29843 0.733333
390.211 92.2461 0.29843 0.733333
390.477 91.6719 0.29843 0.733333
390.613 91.4062 0.29843 0.733333
390.645 91.168 0.287989 0.733333
390.68 91.1367 0.287989 0.729412
390.848 90.9023 0.287989 0.729412
390.914 90.7656 0.287989 0.729412
391.051 90.6328 0.278235 0.729412
391.25 90.5312 0.278235 0.72549
391.418 90.3633 0.278235 0.729412
391.621 90.1953 0.278235 0.72549
391.891 89.9258 0.278235 0.729412
391.992 89.8906 0.278235 0.729412
391.992 89.793 0.278235 0.729412
392.023 89.7578 0.278235 0.72549
392.09 89.5234 0.278235 0.729412
392.293 89.3203 0.278235 0.729412
392.395 88.9844 0.278235 0.729412
392.461 88.8164 0.278235 0.729412
392.562 88.7812 0.278235 0.729412
392.562 88.7812 0.244913 0.72549
392.562 88.7812 0.244913 0.72549
392.562 88.7812 0.244913 0.717647
392.562 89.1523 0.244913 0.721569
392.395 89.4219 0.244913 0.721569
392.16 89.625 0.278235 0.717647
392.023 89.9609 0.278235 0.721569
391.789 90.1953 0.278235 0.717647
391.352 90.9023 0.278235 0.721569
391.016 91.3047 0.287989 0.721569
390.613 91.8398 0.287989 0.717647
390.176 92.3477 0.287989 0.721569
389.773 92.7812 0.287989 0.717647
389.469 93.2188 0.287989 0.721569
389.199 93.5234 0.287989 0.717647
388.863 94.1289 0.287989 0.721569
388.695 94.4648 0.29843 0.717647
388.395 95.3711 0.29843 0.717647
388.191 96.0078 0.29843 0.717647
387.992 96.7148 0.29843 0.717647
387.688 97.4219 0.29843 0.713726
387.418 98.1953 0.333177 0.717647
387.152 98.832 0.333177 0.717647
386.949 99.5391 0.333177 0.717647
386.613 100.984 0.333177 0.717647
386.176 102.465 0.345486 0.717647
385.906 103.27 0.345486 0.717647
385.672 104.211 0.345486 0.717647
385.367 105.117 0.333177 0.717647
385.031 106.195 0.333177 0.717647
384.562 107.203 0.333177 0.717647
384.094 108.176 0.333177 0.717647
383.656 109.117 0.333177 0.717647
383.117 109.926 0.333177 0.717647
382.277 111.473 0.333177 0.717647
381.84 112.277 0.333177 0.717647
381.469 113.051 0.333177 0.717647
381.031 113.723 0.333177 0.717647
380.664 114.531 0.333177 0.717647
380.293 115.305 0.333177 0.717647
379.824 116.176 0.333177 0.717647
378.816 117.957 0.333177 0.717647
377.875 119.672 0.333177 0.717647
377.133 120.918 0.333177 0.717647
376.832 121.32 0.333177 0.717647
376.461 121.992 0.333177 0.717647
376.328 122.195 0.333177 0.717647
376.293 122.395 0.333177 0.717647
376.094 122.598 0.333177 0.717647
375.891 122.867 0.333177 0.717647
375.688 123.234 0.333177 0.717647
375.285 123.941 0.333177 0.717647
375.184 124.312 0.333177 0.717647
374.949 124.918 0.333177 0.717647
374.848 125.152 0.333177 0.717647
374.68 125.422 0.333177 0.717647
374.578 125.656 0.333177 0.717647
374.48 125.926 0.333177 0.717647
374.445 126.227 0.345486 0.717647
374.242 126.867 0.345486 0.713726
374.145 127.371 0.345486 0.713726
373.84 128.445 0.345486 0.717647
373.707 128.949 0.345486 0.713726
373.605 129.59 0.345486 0.713726
373.539 129.891 0.345486 0.713726
373.504 130.125 0.333177 0.717647
373.504 130.262 0.333177 0.717647
373.504 130.461 0.333177 0.717647
373.469 130.598 0.345486 0.717647
373.469 130.797 0.345486 0.717647
373.438 130.797 0.345486 0.717647
373.438 130.797 0.345486 0.717647
373.438 130.867 0.345486 0.717647
373.438 130.867 0.345486 0.717647
373.438 130.934 0.345486 0.717647
373.438 130.934 0.345486 0.717647
373.438 130.934 0.345486 0.721569
373.438 130.934 0.333177 0.721569
373.371 130.898 0.345486 0.721569
373.168 130.395 0.345486 0.721569
372.328 129.453 0.345486 0.721569
371.453 128.883 0.345486 0.721569
370.211 128.312 0.345486 0.721569
368.73 127.641 0.345486 0.721569
367.184 127.102 0.345486 0.721569
365.641 126.598 0.345486 0.717647
364.023 125.957 0.345486 0.721569
360.598 124.578 0.345486 0.721569
358.816 124.043 0.345486 0.717647
355.891 123.539 0.333177 0.717647
354.883 123.504 0.333177 0.717647
353.707 123.438 0.333177 0.717647
353.539 123.438 0.333177 0.713726
353.539 123.438 0.333177 0.713726
353.539 123.438 0.333177 0.709804
354.008 123.438 0.333177 0.705882
355.453 123.84 0.333177 0.705882
356.328 123.941 0.333177 0.709804
357.438 124.074 0.367108 0.709804
358.648 124.211 0.367108 0.709804
359.957 124.277 0.367108 0.713726
361.473 124.41 0.367108 0.709804
363.051 124.512 0.367108 0.709804
364.898 124.75 0.333177 0.709804
367.016 125.016 0.333177 0.709804
369.301 125.352 0.333177 0.709804
374.715 126.195 0.333177 0.709804
377.57 126.598 0.333177 0.713726
382.648 127.402 0.333177 0.709804
385.031 127.84 0.345486 0.709804
387.152 128.312 0.345486 0.713726
391.387 129.422 0.345486 0.709804
395.148 130.898 0.345486 0.709804
396.898 131.84 0.345486 0.709804
398.379 132.648 0.333177 0.709804
399.723 133.352 0.333177 0.709804
400.797 133.758 0.333177 0.709804
401.703 133.992 0.333177 0.713726
402.578 134.125 0.29843 0.713726
403.387 134.125 0.29843 0.713726
404.191 134.125 0.29843 0.717647
404.797 134.125 0.29843 0.717647
405.336 134.125 0.29843 0.717647
405.336 134.125 0.29843 0.717647
405.336 134.16 0.29843 0.717647
405.336 134.16 0.29843 0.717647
405.336 134.16 0.29843 0.713726
405.336 134.16 0.29843 0.717647
405.336 134.16 0.29843 0.717647
405.336 134.16 0.29843 0.717647
405.336 134.16 0.29843 0.717647
405.336 134.16 0.29843 0.721569
405.336 134.16 0.29843 0.721569
405.336 134.16 0.29843 0.721569
405.199 134.16 0.29843 0.72549
404.125 134.16 0.29843 0.72549
403.082 134.094 0.29843 0.721569
401.84 133.926 0.29843 0.721569
400.328 133.688 0.29843 0.721569
398.645 133.422 0.29843 0.717647
395.148 132.816 0.29843 0.717647
393.336 132.613 0.29843 0.717647
391.52 132.48 0.333177 0.717647
389.535 132.277 0.333177 0.717647
387.418 132.074 0.333177 0.717647
385.133 131.707 0.333177 0.717647
382.816 131.336 0.333177 0.717647
379.082 130.664 0.367108 0.717647
377.906 130.461 0.367108 0.717647
376.598 130.023 0.367108 0.713726
376.328 129.891 0.367108 0.717647
376.023 129.621 0.367108 0.717647
375.723 129.488 0.367108 0.717647
375.453 129.254 0.367108 0.717647
375.184 129.051 0.367108 0.717647
374.816 128.848 0.367108 0.717647
374.816 128.848 0.333177 0.717647
374.816 128.781 0.333177 0.713726
374.816 128.781 0.333177 0.713726
374.816 128.781 0.333177 0.713726
374.816 128.781 0.333177 0.713726
374.816 128.781 0.333177 0.713726
374.816 128.781 0.367108 0.713726
374.816 128.781 0.367108 0.717647
374.816 128.781 0.367108 0.717647
374.816 128.781 0.367108 0.717647
374.816 128.781 0.367108 0.717647
374.816 128.781 0.367108 0.717647
374.816 128.781 0.367108 0.717647
374.816 128.781 0.367108 0.717647
374.68 128.781 0.367108 0.717647
374.277 129.016 0.367108 0.717647
373.941 129.387 0.367108 0.713726
373.035 130.496 0.367108 0.713726
372.527 131.203 0.367108 0.713726
371.789 132.68 0.367108 0.717647
371.453 133.422 0.367108 0.717647
371.117 134.094 0.333177 0.717647
370.781 134.797 0.333177 0.717647
370.445 135.605 0.333177 0.717647
370.109 136.379 0.333177 0.717647
369.402 138.094 0.367108 0.717647
368.965 138.934 0.367108 0.717647
368.531 139.84 0.367108 0.721569
368.059 140.68 0.367108 0.717647
367.656 141.52 0.367108 0.721569
367.32 142.328 0.367108 0.717647
367.016 142.965 0.367108 0.721569
366.816 143.539 0.367108 0.717647
366.578 143.973 0.367108 0.721569
366.176 144.984 0.367108 0.721569
365.875 145.52 0.367108 0.721569
365.57 146.16 0.367108 0.721569
365.168 146.863 0.380439 0.721569
364.797 147.605 0.380439 0.721569
364.496 148.41 0.380439 0.721569
364.16 149.051 0.380439 0.721569
363.891 149.621 0.380439 0.721569
363.621 150.16 0.380439 0.721569
363.152 151.102 0.394722 0.721569
362.883 151.469 0.394722 0.721569
362.648 151.906 0.394722 0.72549
362.344 152.379 0.429695 0.721569
362.074 152.848 0.429695 0.721569
361.84 153.387 0.429695 0.721569
361.473 153.891 0.429695 0.721569
361.168 154.496 0.429695 0.721569
360.832 155.133 0.429695 0.721569
360.395 156.211 0.429695 0.721569
360.027 156.883 0.429695 0.721569
359.926 157.219 0.394722 0.721569
359.656 157.855 0.394722 0.721569
359.152 158.832 0.410056 0.721569
358.883 159.57 0.410056 0.721569
358.312 160.848 0.410056 0.721569
358.008 161.484 0.410056 0.721569
357.773 161.992 0.426554 0.721569
357.57 162.496 0.426554 0.721569
357.203 163.234 0.426554 0.721569
357.066 163.637 0.426554 0.721569
356.934 163.941 0.426554 0.721569
356.363 165.219 0.426554 0.721569
355.926 166.395 0.48244 0.721569
355.387 167.637 0.48244 0.721569
355.051 168.176 0.48244 0.721569
354.816 168.711 0.48244 0.72549
354.613 169.082 0.48244 0.721569
354.445 169.586 0.502768 0.72549
354.246 170.059 0.502768 0.721569
354.074 170.594 0.502768 0.72549
353.707 171.672 0.502768 0.721569
353.605 172.242 0.502768 0.721569
353.371 173.148 0.502768 0.721569
353.336 173.586 0.48244 0.721569
353.234 173.855 0.48244 0.721569
353.203 174.293 0.48244 0.721569
353.137 175.031 0.48244 0.721569
353.102 175.602 0.519076 0.721569
353.102 176.242 0.519076 0.721569
353.102 176.543 0.519076 0.721569
353.102 176.914 0.519076 0.721569
353.102 177.621 0.519076 0.721569
353.102 177.957 0.519076 0.721569
353.137 178.227 0.519076 0.72549
353.336 178.73 0.519076 0.72549
353.402 178.863 0.519076 0.72549
353.57 179.031 0.519076 0.72549
353.641 179.133 0.519076 0.72549
353.84 179.301 0.48244 0.72549
353.941 179.402 0.48244 0.72549
354.008 179.434 0.48244 0.72549
354.109 179.637 0.48244 0.72549
354.145 179.672 0.48244 0.72549
354.211 179.77 0.48244 0.72549
354.246 179.805 0.48244 0.72549
354.344 179.871 0.48244 0.72549
354.445 179.871 0.48244 0.72549
354.68 179.973 0.48244 0.72549
354.984 180.176 0.48244 0.72549
355.352 180.309 0.48244 0.729412
355.723 180.309 0.48244 0.729412
356.125 180.309 0.48244 0.729412
356.664 180.309 0.48244 0.733333
357.168 180.309 0.48244 0.733333
357.738 180.242 0.48244 0.733333
359.285 179.906 0.48244 0.733333
359.688 179.738 0.463577 0.733333
360.125 179.602 0.463577 0.733333
361.102 179.199 0.463577 0.733333
362.48 178.629 0.48244 0.733333
363.32 178.227 0.48244 0.737255
366.008 176.68 0.48244 0.737255
366.848 176.141 0.48244 0.737255
368.363 175.168 0.444343 0.737255
368.867 174.695 0.444343 0.737255
369.977 173.922 0.444343 0.737255
370.648 173.316 0.444343 0.737255
371.52 172.645 0.444343 0.737255
373.469 170.762 0.444343 0.737255
375.59 168.613 0.444343 0.737255
376.664 167.57 0.444343 0.737255
377.605 166.496 0.444343 0.737255
378.48 165.352 0.444343 0.737255
379.285 164.242 0.444343 0.737255
379.957 163 0.444343 0.737255
381.504 160.848 0.444343 0.737255
383.051 158.762 0.48244 0.737255
384.293 156.883 0.426554 0.737255
385.438 155.336 0.410056 0.737255
386.074 154.629 0.410056 0.737255
387.184 153.32 0.410056 0.737255
387.824 152.715 0.394722 0.737255
388.359 152.043 0.394722 0.737255
388.934 151.469 0.394722 0.737255
389.27 151.031 0.394722 0.737255
389.605 150.598 0.394722 0.737255
389.637 150.395 0.394722 0.733333
389.738 150.359 0.358699 0.737255
389.84 150.359 0.358699 0.737255
389.84 150.227 0.358699 0.737255
389.941 150.125 0.358699 0.733333
390.043 150.059 0.358699 0.737255
390.043 150.023 0.358699 0.737255
390.074 149.957 0.358699 0.737255
390.074 149.957 0.358699 0.737255
390.074 149.855 0.358699 0.737255
390.074 149.754 0.358699 0.737255
390.109 149.656 0.358699 0.737255
390.176 149.621 0.358699 0.737255
390.211 149.586 0.358699 0.737255
390.211 149.555 0.358699 0.733333
390.211 149.52 0.358699 0.733333
390.211 149.52 0.358699 0.733333
390.211 149.52 0.358699 0.733333
390.211 149.52 0.358699 0.733333
390.211 149.52 0.358699 0.733333
390.109 149.52 0.358699 0.733333
390.109 149.52 0.358699 0.733333
390.043 149.52 0.358699 0.733333
389.875 149.52 0.345486 0.733333
389.605 149.723 0.345486 0.733333
389.199 150.059 0.345486 0.733333
388.797 150.496 0.345486 0.733333
387.688 151.906 0.358699 0.729412
387.32 152.277 0.394722 0.729412
387.016 152.715 0.394722 0.729412
386.309 153.688 0.394722 0.729412
385.301 154.965 0.394722 0.729412
384.023 156.578 0.394722 0.729412
383.418 157.316 0.429695 0.729412
382.949 158.09 0.429695 0.729412
381.973 159.402 0.429695 0.729412
381.57 160.141 0.446036 0.729412
381.133 160.746 0.446036 0.729412
380.73 161.484 0.446036 0.729412
380.328 162.227 0.463577 0.72549
379.926 162.965 0.463577 0.72549
378.715 165.52 0.426554 0.72549
378.379 166.258 0.444343 0.729412
377.84 167.199 0.444343 0.729412
377.637 167.469 0.444343 0.729412
377.438 167.84 0.444343 0.729412
377.27 168.176 0.444343 0.729412
377.102 168.512 0.444343 0.729412
376.562 169.82 0.48244 0.729412
376.328 170.328 0.48244 0.729412
376.094 170.832 0.48244 0.729412
375.656 171.703 0.48244 0.729412
375.352 172.375 0.48244 0.729412
375.152 172.781 0.48244 0.729412
375.117 172.98 0.463577 0.729412
375.051 173.148 0.463577 0.729412
374.781 173.52 0.463577 0.729412
374.68 173.754 0.463577 0.729412
374.578 173.988 0.463577 0.729412
374.512 174.258 0.48244 0.729412
374.379 174.258 0.48244 0.729412
374.344 174.324 0.48244 0.729412
374.344 174.324 0.48244 0.729412
374.344 174.426 0.48244 0.729412
374.312 174.426 0.48244 0.729412
374.211 174.527 0.48244 0.729412
374.074 174.562 0.48244 0.729412
374.043 174.664 0.48244 0.729412
374.008 174.762 0.444343 0.729412
374.008 174.898 0.444343 0.729412
374.008 174.965 0.444343 0.729412
373.973 175.031 0.444343 0.729412
373.84 175.199 0.48244 0.729412
373.605 175.367 0.48244 0.729412
373.438 175.77 0.48244 0.729412
373.336 176.008 0.48244 0.729412
373.203 176.141 0.48244 0.729412
373.066 176.207 0.48244 0.729412
373.035 176.309 0.48244 0.729412
373 176.375 0.48244 0.729412
372.934 176.543 0.48244 0.729412
372.699 176.848 0.48244 0.729412
372.629 177.047 0.48244 0.729412
372.496 177.352 0.48244 0.729412
372.496 177.484 0.48244 0.729412
372.395 177.555 0.48244 0.729412
372.359 177.855 0.444343 0.729412
372.328 178.023 0.444343 0.729412
372.227 178.594 0.444343 0.729412
372.125 179.031 0.444343 0.729412
372.059 180.074 0.444343 0.729412
372.059 180.914 0.444343 0.729412
372.43 181.352 0.426554 0.729412
372.629 181.418 0.426554 0.729412
373.066 181.688 0.426554 0.729412
373.234 181.723 0.426554 0.733333
373.438 181.855 0.426554 0.733333
373.605 181.855 0.426554 0.733333
373.805 181.957 0.426554 0.733333
374.883 182.191 0.463577 0.733333
375.285 182.191 0.463577 0.733333
375.656 182.191 0.463577 0.733333
376.461 182.191 0.463577 0.737255
377.504 182.125 0.426554 0.737255
378.914 181.52 0.426554 0.737255
380.598 180.711 0.426554 0.737255
382.547 179.77 0.426554 0.737255
383.488 179.266 0.426554 0.737255
384.293 178.66 0.426554 0.737255
385.84 177.285 0.426554 0.737255
387.555 175.434 0.463577 0.737255
388.461 174.258 0.426554 0.737255
389.438 173.016 0.426554 0.737255
391.219 170.191 0.426554 0.737255
391.992 168.883 0.444343 0.737255
392.766 167.57 0.404813 0.733333
393.469 166.293 0.404813 0.737255
394.211 165.051 0.404813 0.733333
395.016 163.773 0.404813 0.733333
397.234 160.645 0.404813 0.733333
397.84 159.871 0.404813 0.733333
398.848 158.328 0.388243 0.733333
399.453 157.656 0.388243 0.729412
400.09 156.848 0.372914 0.729412
400.832 156.008 0.372914 0.729412
401.672 155.031 0.334661 0.733333
404.09 152.512 0.334661 0.729412
404.594 152.074 0.321677 0.72549
405.066 151.703 0.321677 0.72549
405.402 151.703 0.283719 0.721569
405.805 151.703 0.283719 0.721569
406.445 151.703 0.283719 0.717647
407.285 151.703 0.283719 0.717647
408.156 151.703 0.283719 0.717647
408.898 151.703 0.283719 0.717647
409.738 151.738 0.283719 0.717647
409.871 152.645 0.283719 0.717647
409.871 153.453 0.283719 0.713726
409.871 155.301 0.283719 0.717647
409.871 156.379 0.283719 0.717647
409.84 157.352 0.283719 0.717647
409.84 159.199 0.283719 0.717647
409.84 160.949 0.295363 0.717647
409.84 161.789 0.295363 0.717647
409.469 163.871 0.295363 0.717647
409.098 165.016 0.307972 0.717647
408.562 166.395 0.307972 0.721569
407.891 167.773 0.321667 0.717647
407.219 169.25 0.321667 0.721569
405.84 171.906 0.321667 0.717647
404.562 173.957 0.321667 0.721569
403.453 175.973 0.321667 0.717647
402.176 177.891 0.321667 0.721569
401.504 178.832 0.348693 0.721569
400.965 179.738 0.348693 0.721569
400.426 180.68 0.348693 0.721569
399.891 181.484 0.348693 0.721569
399.387 182.258 0.348693 0.721569
397.703 184.477 0.348693 0.72549
397.102 185.082 0.404813 0.721569
396.359 186.156 0.404813 0.72549
396.191 186.461 0.404813 0.72549
396.191 186.695 0.404813 0.721569
396.191 186.695 0.404813 0.721569
396.191 186.762 0.404813 0.721569
396.934 186.461 0.404813 0.72549
397.57 185.719 0.404813 0.72549
399.418 183.535 0.404813 0.72549
400.426 182.023 0.404813 0.72549
401.469 180.41 0.404813 0.72549
402.445 178.66 0.363898 0.72549
403.219 176.98 0.363898 0.72549
405.438 171.066 0.363898 0.72549
406.344 168.613 0.348693 0.72549
408.258 163.738 0.321667 0.72549
409.168 161.586 0.321667 0.72549
410.008 159.703 0.321667 0.721569
410.781 157.992 0.307972 0.721569
411.52 156.211 0.307972 0.721569
414.176 151.605 0.307972 0.721569
415.25 150.664 0.255103 0.717647
416.293 149.957 0.255103 0.717647
418.309 149.32 0.244902 0.717647
419.855 149.051 0.244902 0.713726
421.469 148.914 0.244902 0.713726
422.445 148.914 0.235471 0.709804
423.383 148.914 0.19732 0.709804
425.066 149.387 0.19732 0.709804
425.805 149.922 0.19732 0.709804
426.477 150.664 0.19732 0.709804
427.922 152.176 0.19732 0.709804
428.492 152.914 0.19732 0.709804
429.098 153.688 0.19732 0.709804
429.469 154.629 0.19732 0.709804
429.637 156.578 0.19732 0.709804
429.234 158.832 0.205317 0.709804
428.73 160.176 0.205317 0.709804
427.621 162.863 0.205317 0.709804
427.016 164.309 0.21398 0.709804
426.41 165.652 0.21398 0.709804
425.738 167 0.223392 0.709804
425.098 168.207 0.223392 0.709804
424.492 169.316 0.233655 0.709804
423.316 171.469 0.233655 0.713726
421.906 173.652 0.278214 0.713726
421.234 174.863 0.266169 0.713726
419.988 177.016 0.266169 0.713726
418.949 178.797 0.266169 0.713726
417.938 180.344 0.266169 0.717647
417.402 180.879 0.307972 0.721569
416.461 182.023 0.307972 0.72549
416.09 182.594 0.307972 0.72549
415.82 183.234 0.307972 0.721569
415.555 183.738 0.307972 0.721569
415.387 184.344 0.307972 0.721569
415.215 184.848 0.307972 0.72549
415.047 185.316 0.307972 0.721569
414.812 186.125 0.307972 0.72549
414.711 186.594 0.307972 0.72549
414.645 187.637 0.307972 0.721569
414.645 188.781 0.307972 0.721569
414.746 189.688 0.307972 0.72549
415.285 190.258 0.307972 0.72549
415.52 190.359 0.348693 0.72549
416.059 190.562 0.307972 0.72549
416.66 190.562 0.307972 0.729412
416.965 190.562 0.307972 0.729412
417.336 190.562 0.307972 0.729412
417.84 190.492 0.307972 0.729412
418.41 190.125 0.307972 0.729412
419.148 189.652 0.307972 0.729412
422.141 187.738 0.321667 0.729412
423.184 186.762 0.321667 0.729412
425.469 184.613 0.278214 0.729412
426.645 183.301 0.278214 0.729412
428.023 181.957 0.278214 0.729412
429.469 180.41 0.266169 0.729412
431.082 178.797 0.266169 0.729412
432.898 177.25 0.266169 0.72549
434.578 175.77 0.266169 0.72549
437.805 173.047 0.223392 0.721569
440.191 170.09 0.223392 0.721569
441.199 168.375 0.223392 0.72549
443.484 165.148 0.223392 0.72549
444.695 163.738 0.223392 0.72549
446.105 162.695 0.223392 0.721569
447.719 161.992 0.223392 0.721569
451.449 161.652 0.223392 0.717647
455.484 161.957 0.223392 0.717647
457.23 162.328 0.223392 0.717647
460.559 163.066 0.223392 0.717647
461.77 163.336 0.21398 0.717647
463.047 163.637 0.21398 0.717647
464.023 163.871 0.21398 0.717647
464.559 163.973 0.21398 0.717647
465.062 164.008 0.172108 0.717647
465.398 164.008 0.172108 0.721569
465.5 164.008 0.172108 0.721569
465.5 164.008 0.172108 0.72549
465.5 164.008 0.172108 0.721569
465.5 164.008 0.172108 0.717647
465.5 164.008 0.172108 0.717647
465.266 164.008 0.172108 0.717647
464.324 163.973 0.21398 0.717647
463.586 163.973 0.21398 0.717647
461.703 163.906 0.21398 0.717647
460.625 163.906 0.21398 0.717647
459.484 163.906 0.21398 0.717647
458.207 164.039 0.223392 0.717647
456.727 164.344 0.223392 0.713726
455.184 164.746 0.223392 0.717647
452.023 165.82 0.223392 0.713726
450.609 166.496 0.223392 0.717647
447.785 168.309 0.266169 0.717647
444.93 170.73 0.266169 0.717647
442.207 173.352 0.266169 0.721569
441.098 174.695 0.266169 0.721569
440.223 176.008 0.266169 0.721569
439.52 177.215 0.266169 0.72549
439.082 178.359 0.266169 0.72549
438.141 180.578 0.266169 0.72549
437.164 183.168 0.266169 0.72549
436.191 185.789 0.266169 0.729412
435.383 188.105 0.266169 0.729412
435.047 189.184 0.266169 0.729412
434.98 190.258 0.266169 0.729412
434.98 192.512 0.266169 0.733333
435.113 193.621 0.307972 0.737255
435.453 194.629 0.307972 0.737255
435.988 195.668 0.307972 0.737255
437.602 197.52 0.266169 0.737255
439.484 198.629 0.266169 0.741176
440.461 198.828 0.266169 0.745098
442.711 198.863 0.266169 0.74902
445.535 198.527 0.266169 0.752941
446.945 198.125 0.266169 0.752941
449.738 197.047 0.266169 0.752941
452.324 195.637 0.266169 0.752941
453.434 194.73 0.223392 0.756863
455.418 192.543 0.223392 0.756863
456.996 189.754 0.223392 0.760784
457.5 188.207 0.223392 0.760784
458.141 185.453 0.223392 0.760784
458.41 184.074 0.223392 0.756863
458.676 182.629 0.223392 0.756863
459.082 179.367 0.223392 0.756863
459.316 176.176 0.223392 0.752941
459.383 174.863 0.21398 0.74902
459.383 173.555 0.21398 0.74902
459.383 172.375 0.21398 0.745098
459.418 171.266 0.21398 0.745098
459.484 170.156 0.21398 0.745098
459.652 167.605 0.223392 0.745098
459.785 166.93 0.223392 0.741176
459.855 166.258 0.223392 0.741176
460.055 165.418 0.223392 0.741176
460.09 165.219 0.223392 0.741176
460.09 165.184 0.223392 0.737255
460.09 165.184 0.223392 0.737255
460.09 165.184 0.223392 0.733333
460.09 165.316 0.223392 0.729412
460.09 165.855 0.223392 0.729412
460.09 166.562 0.223392 0.729412
460.09 167.535 0.223392 0.729412
459.922 168.613 0.223392 0.729412
459.383 172.578 0.223392 0.733333
459.148 173.891 0.223392 0.737255
458.609 176.344 0.223392 0.737255
458.375 177.555 0.223392 0.741176
457.734 180.074 0.223392 0.741176
457.367 181.285 0.266169 0.745098
456.93 182.527 0.255103 0.745098
456.492 183.77 0.255103 0.745098
455.551 186.258 0.255103 0.74902
454.543 188.711 0.255103 0.74902
454.105 189.887 0.266169 0.752941
453.266 191.805 0.266169 0.752941
452.965 192.777 0.266169 0.752941
452.695 193.621 0.266169 0.752941
452.359 194.629 0.266169 0.752941
451.988 195.637 0.266169 0.752941
451.586 196.777 0.266169 0.752941
450.812 199.367 0.266169 0.752941
450.375 200.711 0.266169 0.752941
449.469 203.301 0.266169 0.752941
448.527 205.887 0.266169 0.756863
447.988 208.543 0.266169 0.760784
447.855 209.855 0.266169 0.760784
447.418 212.676 0.278214 0.760784
447.113 214.223 0.278214 0.760784
446.508 217.484 0.278214 0.764706
445.77 220.375 0.291367 0.764706
444.66 222.66 0.291367 0.764706
442.914 224.543 0.305785 0.768627
441.836 225.484 0.305785 0.768627
439.215 227.734 0.305785 0.768627
437.668 228.945 0.321653 0.768627
434.777 231.332 0.321653 0.768627
433.602 232.309 0.321653 0.764706
432.66 233.148 0.321653 0.764706
431.789 233.852 0.321653 0.764706
430.074 235.297 0.321653 0.764706
427.82 236.91 0.33919 0.764706
426.242 237.852 0.33919 0.764706
422.645 240.004 0.33919 0.760784
420.797 241.148 0.412308 0.752941
419.184 242.156 0.412308 0.752941
417.77 242.996 0.412308 0.752941
415.82 244.172 0.412308 0.752941
414.277 244.777 0.43652 0.752941
413.336 244.945 0.463536 0.752941
412.227 245.047 0.463536 0.752941
410.949 245.18 0.519041 0.752941
409.605 245.18 0.519041 0.752941
407.082 245.047 0.519041 0.752941
405.066 244.172 0.519041 0.74902
403.754 242.895 0.571239 0.745098
402.883 241.078 0.571239 0.745098
402.547 240.07 0.540324 0.741176
402.176 238.961 0.540324 0.741176
401.57 237.148 0.540324 0.745098
401.27 235.031 0.512297 0.745098
401.336 231.902 0.512297 0.745098
402.039 230.055 0.512297 0.745098
402.848 228.07 0.48681 0.745098
403.723 226.559 0.48681 0.745098
404.527 225.383 0.48681 0.741176
405.773 224.039 0.439749 0.741176
407.082 222.895 0.418134 0.745098
409.672 221.617 0.418134 0.745098
413.301 220.105 0.3529 0.745098
415.082 219.469 0.3529 0.74902
416.762 218.965 0.3529 0.74902
419.789 218.156 0.3529 0.74902
422.68 217.586 0.3529 0.74902
425.402 217.25 0.336588 0.74902
426.781 217.113 0.336588 0.752941
429.672 216.812 0.336588 0.752941
431.285 216.711 0.278214 0.752941
432.898 216.578 0.278214 0.752941
434.609 216.578 0.278214 0.752941
438.207 216.477 0.278214 0.752941
441.738 216.207 0.278214 0.752941
444.863 216.039 0.278214 0.756863
446.309 215.906 0.233655 0.756863
447.855 215.836 0.233655 0.756863
451.383 215.535 0.233655 0.760784
455.988 215.23 0.233655 0.768627
461.5 215.031 0.233655 0.772549
464.055 214.93 0.233655 0.772549
468.594 214.863 0.233655 0.772549
470.441 214.828 0.223392 0.772549
472.09 214.762 0.179768 0.776471
473.668 214.559 0.179768 0.776471
476.457 213.855 0.179768 0.776471
478.777 213.047 0.135441 0.776471
479.82 212.543 0.135441 0.776471
480.02 212.41 0.135441 0.776471
480.055 212.375 0.0905718 0.776471
480.055 212.375 0.0905718 0.776471
480.055 212.375 0.0905718 0.768627
480.055 212.375 0.0905718 0.764706
480.055 212.375 0.0905718 0.764706
480.055 212.375 0.0905718 0.764706
480.055 212.375 0.0905718 0.764706
480.055 212.375 0.0905718 0.764706
480.055 212.375 0.0905718 0.760784
480.055 212.375 0.0905718 0.760784
479.988 212.375 0.0905718 0.760784
479.953 212.375 0.0905718 0.760784
479.953 212.375 0.0905718 0.760784
479.953 212.375 0.0905718 0.760784
479.953 212.609 0.0905718 0.760784
479.953 212.609 0.0905718 0.729412
479.586 211.805 0.0905718 0.027451
