53.6445 23.9648 0 0.0235294
53 23 1.5708 1
54.6211 23.9961 0.442332 0.054902
54.8203 23.7969 0.442332 0.101961
55.1914 23.6953 0.442332 0.105882
55.5273 23.5273 0.442332 0.117647
55.8633 23.4258 0.442332 0.129412
56.1992 23.3945 0.442332 0.141176
56.4336 23.293 0.442332 0.152941
56.7031 23.293 0.442332 0.156863
56.9727 23.2266 0.442332 0.156863
57.4102 23.2266 0.442332 0.156863
58.082 23.2266 0.442332 0.160784
58.9883 23.2266 0.442332 0.160784
60.0977 23.2266 0.442332 0.160784
61.207 23.2266 0.442332 0.164706
62.3516 23.2266 0.442332 0.164706
63.3594 23.2266 0.442332 0.164706
64.4023 23.2266 0.442332 0.168627
65.4102 23.2266 0.442332 0.172549
66.3516 23.2266 0.442332 0.176471
67.293 23.2266 0.420621 0.180392
68.2656 23.2266 0.420621 0.184314
69.3398 23.2266 0.420621 0.184314
71.9648 23.0898 0.420621 0.188235
75.1914 22.9219 0.420621 0.188235
76.9062 22.8555 0.420621 0.192157
78.6172 22.7539 0.420621 0.192157
80.332 22.7188 0.420621 0.192157
83.8633 22.7188 0.398479 0.192157
85.8125 22.7188 0.398479 0.192157
89.9453 22.7188 0.375916 0.192157
94.418 22.7539 0.375916 0.196078
99.1875 22.8203 0.352945 0.196078
101.645 22.8203 0.329578 0.196078
106.113 22.8203 0.329578 0.196078
108.199 22.8203 0.329578 0.196078
110.215 22.8203 0.329578 0.196078
112.23 22.8203 0.329578 0.196078
115.859 22.8203 0.329578 0.2
119.324 22.8203 0.329578 0.2
121.039 22.8203 0.352945 0.2
122.82 22.8203 0.352945 0.2
124.699 22.8203 0.352945 0.2
126.582 22.8203 0.352945 0.2
128.465 22.8203 0.352945 0.2
130.281 22.8203 0.352945 0.2
133.238 22.8203 0.352945 0.2
135.156 22.8203 0.375916 0.2
135.758 22.7891 0.375916 0.203922
136.297 22.7539 0.375916 0.203922
136.734 22.7539 0.375916 0.203922
137.105 22.7539 0.375916 0.203922
137.473 22.7539 0.375916 0.203922
137.676 22.7188 0.375916 0.203922
137.844 22.7188 0.375916 0.203922
137.945 22.6875 0.375916 0.203922
138.078 22.6875 0.375916 0.203922
138.078 22.6875 0.375916 0.203922
138.078 22.6875 0.375916 0.203922
138.078 22.7539 0.375916 0.203922
138.078 23.0898 0.375916 0.203922
138.078 23.5273 0.375916 0.203922
138.078 24.1328 0.375916 0.203922
138.113 24.9062 0.375916 0.2
138.113 25.6797 0.375916 0.2
138.113 26.6523 0.375916 0.2
138.113 27.6289 0.385112 0.2
138.078 28.9062 0.385112 0.203922
137.879 30.3164 0.385112 0.207843
137.676 31.8633 0.385112 0.203922
137.508 33.5781 0.375916 0.203922
137.203 35.0234 0.375916 0.203922
136.969 36.5703 0.375916 0.203922
136.734 37.9453 0.375916 0.203922
136.602 39.3906 0.375916 0.203922
136.531 41.0742 0.375916 0.203922
136.332 44.7695 0.375916 0.203922
136.129 48.7695 0.375916 0.203922
135.996 50.8203 0.398479 0.203922
135.828 52.9375 0.398479 0.203922
135.625 55.1211 0.398479 0.203922
135.156 59.1914 0.398479 0.203922
135.02 61.0391 0.398479 0.203922
134.988 64.7344 0.398479 0.203922
134.988 68.3672 0.398479 0.203922
134.988 70.2148 0.398479 0.203922
134.988 72.1289 0.398479 0.203922
134.988 74.1484 0.398479 0.207843
134.816 78.25 0.398479 0.207843
134.48 80.1641 0.398479 0.207843
134.18 82.0469 0.408105 0.207843
133.879 83.7617 0.408105 0.207843
133.641 87.1211 0.408105 0.207843
133.641 88.7031 0.418179 0.207843
133.641 90.2461 0.418179 0.207843
133.641 91.625 0.428732 0.207843
133.641 94.5508 0.428732 0.207843
133.641 96.0977 0.428732 0.207843
133.641 97.6758 0.439796 0.207843
133.641 99.0195 0.439796 0.211765
133.641 101.238 0.439796 0.207843
133.641 102.078 0.439796 0.211765
133.641 102.82 0.439796 0.211765
133.641 103.457 0.439796 0.211765
133.641 103.961 0.428732 0.211765
133.641 104.332 0.428732 0.211765
133.641 104.602 0.428732 0.211765
133.641 104.77 0.428732 0.211765
133.641 104.902 0.418179 0.211765
133.641 104.969 0.418179 0.211765
133.641 105.07 0.418179 0.219608
133.641 105.07 0.418179 0.227451
133.641 105.07 0.418179 0.231373
133.641 105.07 0.418179 0.235294
133.543 105.07 0.418179 0.239216
133.273 105.07 0.418179 0.239216
132.668 105.004 0.418179 0.235294
131.895 104.902 0.418179 0.235294
130.82 104.699 0.418179 0.235294
129.508 104.668 0.418179 0.235294
128.027 104.633 0.418179 0.235294
126.281 104.633 0.418179 0.235294
124.398 104.633 0.418179 0.231373
122.078 104.633 0.418179 0.231373
119.492 104.938 0.418179 0.231373
116.703 105.273 0.428732 0.231373
113.742 105.641 0.428732 0.231373
110.684 106.145 0.428732 0.231373
107.625 106.582 0.439796 0.231373
104.5 107.02 0.415444 0.231373
101.309 107.422 0.415444 0.227451
98.1484 107.926 0.426578 0.231373
95.0195 108.398 0.426578 0.231373
91.9297 108.938 0.426578 0.227451
85.9453 109.609 0.438287 0.227451
79.9297 110.078 0.463599 0.227451
74.0469 110.516 0.488286 0.227451
68.8047 110.988 0.512343 0.227451
66.5195 111.055 0.512343 0.227451
62.8203 111.156 0.535766 0.231373
61.2734 111.156 0.535766 0.231373
59.8984 111.156 0.558555 0.227451
58.5195 111.156 0.558555 0.231373
55.7969 111.355 0.544821 0.227451
53.0078 111.828 0.544821 0.227451
51.6289 112.094 0.544821 0.227451
50.3828 112.363 0.558555 0.227451
49.1406 112.5 0.558555 0.227451
48.1992 112.633 0.535766 0.231373
47.2578 112.734 0.535766 0.227451
46.5508 112.902 0.535766 0.231373
46.0156 113.07 0.535766 0.227451
45.543 113.203 0.535766 0.227451
44.8047 113.473 0.535766 0.227451
44.5039 113.574 0.535766 0.227451
44.3008 113.641 0.535766 0.227451
44.168 113.676 0.549807 0.227451
44.168 113.809 0.549807 0.231373
44.0977 113.809 0.549807 0.231373
44.0664 113.844 0.549807 0.231373
43.9297 113.844 0.549807 0.227451
43.7969 113.844 0.549807 0.227451
43.7617 113.879 0.549807 0.227451
43.6953 113.879 0.535766 0.227451
43.6953 113.977 0.535766 0.227451
43.6953 113.977 0.535766 0.231373
43.6953 113.977 0.535766 0.231373
43.6953 113.977 0.535766 0.239216
43.6953 113.977 0.535766 0.243137
43.6953 113.945 0.535766 0.25098
43.7617 113.441 0.535766 0.254902
44.0664 112.668 0.535766 0.254902
44.3008 111.457 0.535766 0.262745
44.9375 108.195 0.535766 0.262745
45.6445 103.793 0.535766 0.262745
45.8789 101.207 0.535766 0.262745
46.0469 98.5156 0.522359 0.262745
46.1172 95.6914 0.522359 0.262745
46.1836 92.8711 0.522359 0.262745
46.1836 90.0469 0.509549 0.262745
46.2148 87.2891 0.509549 0.262745
46.2852 82.2461 0.509549 0.266667
46.6875 77.9102 0.4973 0.266667
47.0234 75.8281 0.4973 0.262745
47.4609 73.7773 0.48558 0.262745
47.8281 71.625 0.48558 0.262745
48.6016 67.3906 0.48558 0.262745
48.9727 65.2383 0.452736 0.262745
49.4102 62.9883 0.452736 0.262745
49.8125 60.7031 0.452736 0.262745
50.5195 56.4688 0.452736 0.262745
50.6875 54.6523 0.452736 0.266667
50.7539 52.9375 0.452736 0.266667
50.7891 51.3594 0.452736 0.266667
50.8867 49.8789 0.452736 0.266667
50.8867 48.332 0.452736 0.270588
50.957 46.8203 0.452736 0.270588
50.957 45.2734 0.452736 0.270588
50.9883 43.8281 0.452736 0.270588
51.125 42.5508 0.452736 0.270588
51.1914 41.5117 0.463604 0.270588
51.2578 40.668 0.463604 0.27451
51.293 39.8281 0.463604 0.27451
51.293 39.0898 0.463604 0.278431
51.293 38.25 0.463604 0.278431
51.293 37.4766 0.463604 0.278431
51.293 36.7031 0.463604 0.282353
51.293 35.8984 0.463604 0.282353
51.293 35.125 0.463604 0.282353
51.293 34.25 0.463604 0.286275
51.293 33.543 0.463604 0.282353
51.293 32.8711 0.452736 0.282353
51.293 32.3672 0.452736 0.282353
51.293 31.8984 0.452736 0.282353
51.2578 31.3242 0.452736 0.282353
51.1562 30.7188 0.442332 0.282353
50.9883 30.0156 0.442332 0.286275
50.9219 29.375 0.442332 0.286275
50.8555 28.7695 0.442332 0.286275
50.7891 28.1641 0.442332 0.282353
50.7891 27.7305 0.452736 0.286275
50.7539 27.2578 0.452736 0.286275
50.7539 26.9883 0.452736 0.286275
50.7539 26.8867 0.463604 0.286275
50.7188 26.8555 0.463604 0.286275
50.7188 26.8555 0.474967 0.282353
50.7188 26.8555 0.474967 0.278431
50.7188 26.8555 0.474967 0.278431
50.7188 26.8203 0.463604 0.278431
50.7188 26.8203 0.463604 0.278431
50.8867 26.8203 0.463604 0.266667
51.4609 26.8555 0.463604 0.266667
52.1992 27.1562 0.463604 0.266667
53.207 27.4922 0.463604 0.266667
54.418 27.8633 0.463604 0.266667
55.7969 28.1328 0.463604 0.266667
57.3438 28.3672 0.463604 0.266667
58.9219 28.6016 0.463604 0.266667
62.0156 29.0742 0.463604 0.27451
63.5273 29.4414 0.463604 0.270588
65.0039 29.7773 0.463604 0.270588
66.4844 30.0469 0.463604 0.266667
68.0664 30.3828 0.463604 0.266667
69.7109 30.4844 0.452736 0.266667
71.5273 30.6875 0.452736 0.270588
73.6094 30.8867 0.442332 0.270588
75.7969 30.9883 0.420621 0.270588
78.1484 31.1914 0.411022 0.270588
80.4688 31.1914 0.411022 0.270588
82.7539 31.1914 0.411022 0.270588
84.8359 31.1914 0.401829 0.270588
86.7852 31.2578 0.389274 0.270588
88.5 31.3594 0.389274 0.270588
89.9805 31.3945 0.389274 0.270588
91.3594 31.4258 0.36713 0.270588
92.6367 31.4258 0.36713 0.27451
94.0469 31.4258 0.36713 0.270588
97.2383 31.4258 0.344603 0.27451
99.0547 31.4258 0.344603 0.27451
102.25 31.4258 0.344603 0.27451
103.391 31.3594 0.344603 0.270588
104.332 31.3242 0.344603 0.27451
105.004 31.293 0.344603 0.27451
106.246 31.125 0.344603 0.27451
107.727 30.6211 0.344603 0.278431
108.734 30.3516 0.344603 0.278431
109.844 30.082 0.344603 0.278431
111.02 30.0156 0.344603 0.278431
112.098 29.8125 0.344603 0.278431
113.07 29.6797 0.344603 0.278431
113.844 29.5781 0.344603 0.278431
114.516 29.5117 0.344603 0.278431
115.188 29.5117 0.344603 0.278431
116.602 29.5117 0.344603 0.278431
117.473 29.5117 0.344603 0.278431
118.484 29.4102 0.336631 0.278431
119.523 29.2422 0.336631 0.278431
120.566 29.0742 0.344603 0.278431
121.609 28.9727 0.344603 0.278431
122.449 28.8711 0.352945 0.282353
123.156 28.8711 0.352945 0.278431
123.828 28.8047 0.361683 0.278431
124.434 28.8047 0.385112 0.278431
125.07 28.8047 0.394745 0.278431
125.711 28.8047 0.404845 0.278431
126.383 28.8047 0.404845 0.278431
126.953 28.8047 0.404845 0.278431
127.457 28.8047 0.404845 0.278431
127.859 28.8047 0.404845 0.278431
128.195 28.8047 0.404845 0.278431
128.465 28.8047 0.404845 0.282353
128.77 28.8047 0.404845 0.282353
129.004 28.8047 0.404845 0.282353
129.273 28.8047 0.404845 0.282353
129.375 28.8047 0.404845 0.282353
129.473 28.8047 0.404845 0.286275
129.508 28.8047 0.394745 0.286275
129.641 28.8047 0.394745 0.286275
129.777 28.8047 0.394745 0.286275
129.945 28.8047 0.394745 0.282353
130.18 28.8047 0.394745 0.282353
130.414 28.8398 0.394745 0.282353
130.617 28.9375 0.394745 0.282353
130.652 28.9375 0.394745 0.270588
130.719 29.0078 0.394745 0.278431
130.785 29.207 0.394745 0.27451
130.852 29.5781 0.394745 0.270588
131.02 30.2852 0.394745 0.270588
131.02 31.125 0.394745 0.270588
131.055 32.1992 0.394745 0.270588
131.055 33.375 0.385112 0.27451
131.055 34.6523 0.385112 0.27451
131.055 35.9961 0.385112 0.27451
131.055 37.4102 0.375916 0.27451
130.988 38.957 0.385112 0.278431
130.82 40.5 0.385112 0.278431
130.582 42.2148 0.385112 0.278431
130.246 43.8281 0.385112 0.278431
129.945 45.4766 0.385112 0.282353
129.641 47.0547 0.385112 0.282353
129.441 48.5703 0.408105 0.282353
129.34 50.1133 0.408105 0.282353
129.207 51.5938 0.408105 0.282353
129.035 53.1406 0.408105 0.282353
128.801 54.7852 0.408105 0.282353
128.5 56.5352 0.408105 0.286275
128.164 58.3164 0.408105 0.286275
127.828 60.1328 0.408105 0.286275
127.156 63.4258 0.408105 0.290196
126.887 64.9375 0.408105 0.290196
126.684 66.25 0.408105 0.290196
126.582 67.457 0.408105 0.290196
126.484 68.6016 0.408105 0.290196
126.348 69.6094 0.408105 0.290196
126.145 71.5586 0.408105 0.290196
126.047 72.6016 0.408105 0.290196
125.91 73.5742 0.408105 0.290196
125.777 74.4844 0.408105 0.290196
125.641 75.4258 0.408105 0.290196
125.473 76.2656 0.408105 0.290196
125.34 77.1406 0.408105 0.290196
125.207 77.9805 0.408105 0.290196
125.172 78.7539 0.408105 0.290196
125.105 79.5586 0.408105 0.290196
125.004 80.2969 0.418179 0.294118
124.902 81.1055 0.418179 0.294118
124.566 82.8516 0.418179 0.294118
124.465 83.7617 0.418179 0.294118
124.363 84.5664 0.418179 0.294118
124.297 85.3398 0.418179 0.294118
124.266 86.4844 0.428732 0.294118
124.266 87.3906 0.428732 0.294118
124.266 87.7266 0.428732 0.294118
124.266 87.9609 0.428732 0.294118
124.266 88.2305 0.428732 0.294118
124.195 88.5 0.428732 0.294118
124.129 88.9023 0.428732 0.298039
123.996 89.4062 0.428732 0.298039
123.895 90.0117 0.428732 0.298039
123.828 90.6172 0.428732 0.298039
123.691 91.1211 0.428732 0.298039
123.66 91.5938 0.428732 0.294118
123.66 91.9609 0.428732 0.294118
123.66 92.332 0.428732 0.294118
123.66 92.7031 0.428732 0.294118
123.66 93.0391 0.428732 0.294118
123.66 93.4062 0.439796 0.294118
123.594 93.7422 0.439796 0.298039
123.559 94.1484 0.439796 0.294118
123.523 94.6523 0.439796 0.294118
123.523 95.0547 0.439796 0.294118
123.523 95.3906 0.439796 0.294118
123.492 95.5586 0.439796 0.298039
123.492 95.6914 0.439796 0.298039
123.355 95.7617 0.439796 0.298039
123.355 95.9297 0.439796 0.298039
123.355 96.1641 0.439796 0.298039
123.355 96.2969 0.451405 0.298039
123.355 96.5664 0.451405 0.298039
123.355 96.7344 0.451405 0.298039
123.289 97.207 0.451405 0.298039
123.289 97.375 0.451405 0.298039
123.289 97.5078 0.451405 0.298039
123.289 97.5078 0.451405 0.301961
123.289 97.5078 0.451405 0.305882
123.289 97.5078 0.451405 0.317647
123.188 97.375 0.451405 0.321569
122.988 97.207 0.451405 0.321569
122.684 96.9375 0.451405 0.321569
122.348 96.7695 0.451405 0.32549
121.809 96.5664 0.451405 0.32549
121.137 96.3984 0.451405 0.32549
120.363 96.2656 0.451405 0.32549
119.523 96.1289 0.451405 0.32549
118.652 96.1289 0.451405 0.32549
117.676 95.9961 0.426578 0.32549
116.566 95.9961 0.426578 0.32549
115.289 95.8945 0.415444 0.32549
113.742 95.8945 0.415444 0.32549
112.027 95.8945 0.415444 0.32549
110.113 96.0625 0.415444 0.32549
107.996 96.4648 0.415444 0.32549
105.777 96.7344 0.415444 0.32549
101.141 97.2734 0.415444 0.32549
98.7852 97.543 0.426578 0.329412
96.5 97.7773 0.426578 0.329412
92.4336 98.0781 0.426578 0.329412
90.6836 98.1133 0.426578 0.329412
89.207 98.2148 0.426578 0.329412
87.7617 98.3164 0.451405 0.329412
85.0039 98.6836 0.451405 0.329412
83.457 98.8516 0.475648 0.329412
81.8789 99.0859 0.475648 0.32549
80.2305 99.2539 0.475648 0.32549
78.6875 99.4922 0.499301 0.32549
77.2734 99.7266 0.499301 0.32549
76.0625 99.8594 0.499301 0.329412
75.0547 99.9609 0.499301 0.329412
74.1133 99.9609 0.499301 0.329412
73.3086 100.027 0.535766 0.329412
72.5703 100.098 0.535766 0.329412
71.6953 100.266 0.535766 0.329412
70.6875 100.668 0.535766 0.32549
69.5781 101.039 0.522359 0.32549
68.4023 101.508 0.522359 0.32549
67.2227 101.879 0.522359 0.32549
66.2812 102.18 0.522359 0.32549
65.4414 102.348 0.544821 0.32549
64.7695 102.484 0.531681 0.32549
64.2656 102.684 0.531681 0.329412
63.1562 103.055 0.531681 0.32549
62.5508 103.188 0.519104 0.32549
62.0156 103.355 0.519104 0.32549
61.5117 103.492 0.507057 0.32549
61.0391 103.66 0.519104 0.32549
60.7383 103.828 0.519104 0.32549
60.3672 103.828 0.519104 0.329412
60.0312 103.895 0.519104 0.329412
59.6602 103.895 0.519104 0.329412
59.2578 104.027 0.519104 0.329412
58.7891 104.266 0.519104 0.329412
57.6445 104.801 0.519104 0.329412
56.5 105.238 0.519104 0.32549
56.1328 105.406 0.519104 0.32549
55.8281 105.508 0.519104 0.329412
55.6289 105.641 0.519104 0.329412
54.9883 105.777 0.519104 0.329412
54.5859 105.844 0.531681 0.329412
54.25 105.945 0.531681 0.329412
54.0469 106.078 0.531681 0.329412
53.8477 106.145 0.544821 0.329412
53.7812 106.215 0.544821 0.329412
53.6445 106.215 0.544821 0.329412
53.4414 106.215 0.544821 0.329412
53.207 106.281 0.544821 0.329412
52.9375 106.348 0.544821 0.329412
52.7031 106.449 0.544821 0.329412
52.5352 106.449 0.544821 0.329412
52.4023 106.449 0.544821 0.333333
52.4023 106.449 0.544821 0.333333
52.4023 106.449 0.544821 0.333333
52.4023 106.449 0.544821 0.333333
52.4023 106.449 0.544821 0.329412
52.4023 106.449 0.544821 0.329412
52.4023 106.449 0.544821 0.329412
52.3672 106.449 0.544821 0.333333
52.332 106.449 0.544821 0.333333
52.3008 106.449 0.544821 0.333333
52.3008 106.449 0.544821 0.337255
52.2344 106.449 0.544821 0.337255
52.2344 106.414 0.544821 0.337255
52.1641 106.18 0.544821 0.337255
52.1641 105.844 0.544821 0.337255
52.1641 105.441 0.544821 0.337255
52.1641 104.801 0.531681 0.337255
52.1641 104.23 0.531681 0.337255
52.1641 103.523 0.531681 0.337255
52.1641 102.887 0.531681 0.337255
52.1641 102.281 0.531681 0.337255
52.1641 101.473 0.519104 0.337255
52.1328 100.668 0.519104 0.337255
52.0664 99.6914 0.531681 0.337255
52.0312 98.7852 0.531681 0.337255
52.0312 97.8438 0.531681 0.337255
52.0312 96.8008 0.531681 0.337255
52.2344 94.7188 0.544821 0.337255
52.4688 93.7109 0.544821 0.337255
52.7031 91.7266 0.544821 0.333333
52.7695 90.7852 0.544821 0.337255
52.7695 89.8125 0.544821 0.337255
52.7695 88.8711 0.531681 0.337255
52.7695 87.8281 0.531681 0.337255
52.7695 86.7188 0.531681 0.337255
52.7695 85.6094 0.531681 0.341176
52.7695 84.4336 0.519104 0.341176
52.7383 83.2891 0.519104 0.341176
52.7383 82.0469 0.519104 0.341176
52.7383 80.8359 0.519104 0.341176
52.7383 79.5586 0.519104 0.337255
52.8711 78.25 0.519104 0.337255
53.1406 77.0391 0.519104 0.337255
53.4414 75.8633 0.507057 0.337255
53.6797 74.7539 0.507057 0.337255
53.9492 72.5 0.507057 0.337255
54.0156 71.3242 0.507057 0.337255
54.3164 69.0391 0.495511 0.337255
54.418 67.793 0.495511 0.337255
54.5859 66.5859 0.495511 0.337255
54.6875 65.2734 0.495511 0.337255
54.8867 64.0625 0.495511 0.337255
55.1562 62.8203 0.495511 0.337255
55.3945 61.6758 0.507057 0.337255
55.6953 60.5664 0.507057 0.337255
55.8633 59.2578 0.507057 0.337255
56.0977 58.082 0.507057 0.337255
56.2656 56.8047 0.507057 0.337255
56.4336 55.6289 0.507057 0.337255
56.6367 54.5859 0.507057 0.337255
56.8047 53.5781 0.507057 0.337255
56.9375 52.668 0.507057 0.337255
57.0391 51.6953 0.507057 0.337255
57.1758 49.8125 0.507057 0.337255
57.3086 48.9062 0.507057 0.337255
57.4414 48.0312 0.507057 0.337255
57.543 47.0898 0.507057 0.337255
57.6797 46.1836 0.507057 0.337255
57.7461 45.207 0.507057 0.333333
57.8477 44.3008 0.507057 0.337255
58.0469 42.7891 0.507057 0.333333
58.1172 42.2148 0.507057 0.333333
58.1172 41.6094 0.507057 0.333333
58.1172 41.1055 0.507057 0.333333
58.1172 40.6016 0.507057 0.333333
58.1172 40.1641 0.507057 0.337255
58.1172 39.7266 0.507057 0.337255
58.1172 39.2227 0.507057 0.337255
58.1172 38.7188 0.48558 0.337255
58.1172 38.1484 0.48558 0.333333
58.1172 37.6797 0.48558 0.333333
58.1172 36.9375 0.48558 0.333333
58.1172 36.668 0.48558 0.329412
58.3164 36.1328 0.48558 0.329412
58.3828 35.7617 0.48558 0.329412
58.4844 35.3906 0.48558 0.329412
58.5508 35.0234 0.48558 0.329412
58.6523 34.6523 0.48558 0.329412
58.7188 34.418 0.48558 0.329412
58.7188 34.1172 0.474358 0.329412
58.7188 34.0156 0.474358 0.329412
58.7188 33.9141 0.474358 0.329412
58.7188 33.9141 0.474358 0.329412
58.7188 33.9141 0.474358 0.32549
58.7188 33.9141 0.474358 0.32549
58.7188 33.9141 0.474358 0.32549
58.7188 33.8789 0.463606 0.32549
58.7188 33.8789 0.463606 0.32549
58.7539 33.8789 0.463606 0.32549
58.8203 33.8789 0.463606 0.321569
58.8555 33.8477 0.463606 0.317647
58.9219 33.8477 0.463606 0.309804
59.0234 33.8477 0.463606 0.301961
59.1914 34.2852 0.474358 0.305882
59.6289 34.7188 0.474358 0.301961
60.0977 35.1562 0.474358 0.301961
60.7031 35.7305 0.474358 0.301961
61.3086 36.2344 0.474358 0.301961
62.7188 37.6797 0.48558 0.301961
63.5586 38.3516 0.48558 0.301961
64.5 39.0898 0.48558 0.301961
65.375 39.6602 0.48558 0.301961
66.3164 40.1641 0.48558 0.305882
67.2227 40.5703 0.48558 0.305882
68.1992 40.9062 0.48558 0.305882
70.0469 41.4766 0.48558 0.305882
70.8203 41.7109 0.48558 0.309804
71.4922 41.8125 0.48558 0.309804
72.1328 41.8789 0.463604 0.309804
73.375 41.9805 0.463604 0.313726
74.5508 42.0469 0.463604 0.313726
75.1562 42.0469 0.463604 0.313726
75.8945 42.0469 0.463604 0.313726
76.8047 42.0469 0.463604 0.317647
77.9453 42.0156 0.463604 0.317647
79.2891 41.8789 0.463604 0.317647
80.7695 41.7461 0.463604 0.317647
82.2812 41.543 0.441135 0.317647
83.7617 41.375 0.441135 0.317647
85.0742 41.207 0.441135 0.317647
87.1211 41.1406 0.441135 0.317647
87.9648 41.1406 0.418179 0.317647
88.8359 41.1055 0.418179 0.317647
89.8438 40.9375 0.418179 0.317647
90.9883 40.7695 0.418179 0.317647
92.332 40.5 0.418179 0.317647
93.7773 40.3008 0.394745 0.321569
95.3594 40.1641 0.394745 0.317647
96.9023 39.9297 0.394745 0.317647
98.3828 39.8633 0.394745 0.317647
99.6602 39.7266 0.394745 0.317647
101.645 39.6602 0.370844 0.317647
102.383 39.6602 0.370844 0.317647
103.188 39.6602 0.370844 0.317647
103.93 39.6289 0.370844 0.317647
104.871 39.5938 0.370844 0.317647
106.012 39.4922 0.361683 0.317647
107.426 39.4609 0.385112 0.317647
109.039 39.4258 0.361683 0.317647
110.582 39.293 0.361683 0.317647
113.105 39.0234 0.370844 0.317647
113.91 38.9219 0.370844 0.321569
114.551 38.9219 0.370844 0.321569
115.055 38.9219 0.394745 0.317647
116.195 38.9219 0.394745 0.317647
116.938 38.9219 0.394745 0.317647
117.844 38.8867 0.394745 0.317647
118.988 38.8203 0.394745 0.321569
120.098 38.7539 0.394745 0.321569
121.137 38.6211 0.394745 0.321569
121.977 38.5195 0.394745 0.321569
122.953 38.3164 0.394745 0.321569
123.559 38.25 0.394745 0.321569
123.859 38.25 0.394745 0.321569
124.062 38.25 0.394745 0.321569
124.363 38.25 0.394745 0.321569
124.633 38.2148 0.394745 0.321569
124.969 38.2148 0.394745 0.321569
125.34 38.1836 0.394745 0.317647
125.676 38.1484 0.418179 0.317647
125.945 38.1484 0.418179 0.317647
126.047 38.1133 0.418179 0.317647
126.078 38.1133 0.418179 0.317647
126.113 38.1133 0.418179 0.321569
126.246 38.1133 0.418179 0.321569
126.516 38.1133 0.418179 0.317647
126.852 38.1133 0.418179 0.317647
127.223 38.1133 0.418179 0.317647
128.164 38.1133 0.418179 0.317647
128.566 38.1133 0.418179 0.317647
128.938 38.1133 0.418179 0.317647
129.07 38.1133 0.418179 0.317647
129.137 38.1133 0.418179 0.317647
129.137 38.1133 0.418179 0.321569
129.105 38.1133 0.418179 0.32549
128.938 38.1133 0.418179 0.333333
128.902 38.1133 0.418179 0.329412
128.734 38.1133 0.418179 0.32549
128.699 38.1133 0.418179 0.321569
128.633 38.1133 0.418179 0.317647
128.5 38.1484 0.418179 0.317647
128.5 38.4531 0.418179 0.313726
128.398 38.6523 0.418179 0.313726
128.098 39.3594 0.418179 0.313726
127.793 39.8984 0.418179 0.313726
127.391 40.6016 0.418179 0.317647
126.918 41.4766 0.418179 0.317647
126.414 42.5508 0.418179 0.317647
125.809 43.7617 0.418179 0.313726
125.238 45.1055 0.418179 0.313726
124.633 46.5859 0.418179 0.313726
124.164 48.1641 0.418179 0.313726
123.457 51.2227 0.418179 0.313726
123.223 52.668 0.394745 0.313726
122.918 53.9453 0.394745 0.313726
122.652 55.2578 0.394745 0.313726
122.316 56.4688 0.394745 0.317647
121.945 57.6094 0.394745 0.317647
121.609 58.9531 0.394745 0.317647
121.207 60.0977 0.394745 0.317647
120.938 61.3398 0.394745 0.317647
120.633 63.3906 0.394745 0.317647
120.633 64.3672 0.394745 0.317647
120.633 65.2734 0.394745 0.321569
120.602 66.2148 0.394745 0.321569
120.434 67.1211 0.385112 0.321569
120.332 68.1289 0.385112 0.321569
120.195 69.1719 0.385112 0.321569
120.098 70.2148 0.385112 0.321569
120.027 71.2891 0.385112 0.32549
119.793 73.1406 0.385112 0.321569
119.727 73.9805 0.385112 0.321569
119.691 74.8203 0.385112 0.32549
119.66 76.5352 0.385112 0.321569
119.625 77.375 0.394745 0.32549
119.492 78.2148 0.394745 0.32549
119.426 79.1211 0.394745 0.32549
119.289 80.0977 0.394745 0.32549
119.188 81.0703 0.394745 0.32549
119.156 82.0469 0.394745 0.32549
119.055 82.8203 0.394745 0.32549
118.988 83.4922 0.404845 0.32549
118.918 83.9961 0.404845 0.32549
118.918 84.8711 0.404845 0.32549
118.918 85.1367 0.404845 0.32549
118.918 85.375 0.404845 0.32549
118.918 85.5078 0.404845 0.32549
118.918 85.6094 0.404845 0.32549
118.918 85.6758 0.404845 0.32549
118.918 85.7422 0.404845 0.329412
118.918 85.7422 0.404845 0.333333
118.918 85.7422 0.404845 0.337255
118.918 85.7422 0.404845 0.341176
118.918 85.7422 0.404845 0.341176
118.918 85.7422 0.404845 0.341176
118.918 85.8125 0.404845 0.337255
118.918 86.0117 0.404845 0.333333
118.918 86.0469 0.404845 0.333333
118.918 86.1797 0.404845 0.333333
118.918 86.2148 0.404845 0.333333
118.918 86.2461 0.404845 0.333333
118.918 86.2812 0.404845 0.337255
118.918 86.2812 0.404845 0.34902
118.82 86.2812 0.404845 0.34902
